[header]
width=50
height=50
tilewidth=16
tileheight=16

[tilesets]
tileset=../../Dropbox/Game Programming/dirt-tiles.png,16,16,0,0

[layer]
type=Tile Layer 1
data=
-2147483610,-2147483612,-2147483612,-2147483613,-2147483589,0,0,-2147483612,-2147483612,-2147483637,-2147483637,-2147483613,-2147483613,-2147483612,0,0,0,-2147483637,-2147483637,-2147483612,-2147483589,-2147483637,-2147483613,0,0,0,0,0,-2147483613,-2147483613,-2147483637,-2147483613,-2147483613,-2147483612,-2147483613,0,0,0,0,0,0,0,-2147483589,-2147483589,-2147483637,-2147483637,-2147483612,-2147483637,-2147483613,0,
-2147483586,0,0,0,0,0,0,0,0,0,0,0,0,0,0,0,0,0,0,0,0,0,0,0,0,0,0,0,0,-2147483556,0,0,0,0,-2147483606,0,0,0,0,0,0,0,0,0,0,0,0,0,0,0,
-2147483586,0,0,0,0,0,0,0,0,0,0,0,0,0,0,0,0,0,0,0,0,0,0,0,0,0,0,0,0,-2147483556,0,0,0,0,-2147483606,-2147483637,-2147483637,-2147483612,-2147483589,-2147483613,-2147483612,-2147483612,0,0,0,0,0,0,0,0,
-2147483586,0,0,0,0,0,0,0,0,0,0,0,0,0,0,0,0,0,0,0,0,0,0,0,0,0,0,0,0,-2147483556,0,0,0,0,-2147483606,0,0,0,0,0,0,0,0,0,0,0,0,0,0,0,
-2147483586,0,0,0,0,0,0,0,0,0,0,0,0,0,0,0,0,0,0,0,0,0,0,-2147483637,-2147483637,-2147483589,-2147483612,-2147483637,-2147483637,-2147483556,0,0,0,0,-2147483606,0,0,0,0,0,0,0,0,0,0,0,0,0,0,0,
-2147483586,0,0,0,0,0,0,0,0,0,0,0,0,0,0,0,0,0,0,0,0,0,0,0,0,0,0,0,0,-2147483556,0,0,0,0,-2147483606,0,0,0,0,0,0,0,0,0,0,0,0,0,0,0,
-2147483586,0,0,0,0,0,0,0,0,0,0,0,0,0,0,0,0,0,0,0,0,0,0,0,0,0,0,0,0,-2147483556,0,0,0,0,-2147483606,0,0,0,0,0,0,0,0,0,0,0,0,0,0,0,
-2147483586,0,0,0,0,0,0,-2147483642,0,0,0,0,0,0,0,0,0,0,0,0,0,0,0,0,0,0,0,0,0,-2147483556,0,0,0,0,-2147483606,0,0,0,0,0,0,0,0,0,0,0,0,0,0,0,
-2147483586,0,0,0,0,0,0,-2147483581,0,0,0,0,0,0,0,0,0,0,0,0,0,0,0,0,0,0,0,0,0,-2147483556,0,0,0,0,-2147483606,0,0,0,0,0,0,0,0,0,0,0,0,0,0,0,
-2147483586,0,0,0,0,0,0,-2147483581,0,0,0,0,0,0,0,0,0,0,0,0,0,0,0,0,0,0,0,0,0,-2147483556,0,0,0,0,-2147483606,0,0,0,0,0,0,0,0,0,0,0,0,0,0,0,
-2147483586,0,0,0,0,0,0,-2147483581,0,0,0,0,0,0,0,0,0,0,0,0,0,0,0,0,0,0,0,0,0,-2147483556,0,0,0,0,-2147483606,0,0,0,0,0,0,0,0,0,0,0,0,0,0,0,
-2147483586,0,0,0,0,0,0,-2147483581,0,0,0,0,0,0,0,0,0,0,0,0,0,0,0,0,0,0,0,0,0,-2147483556,0,0,0,0,0,0,-2147483637,-2147483637,-2147483589,-2147483589,-2147483612,-2147483612,-2147483637,-2147483637,-2147483612,-2147483589,-2147483612,-2147483612,-2147483637,-2147483589,
-2147483586,0,0,0,0,0,0,-2147483581,0,0,0,0,0,0,0,0,0,0,0,0,0,0,0,0,0,0,0,0,0,-2147483556,0,-2147483612,-2147483612,-2147483613,-2147483589,-2147483613,-2147483589,0,0,-2147483606,0,0,0,0,0,-2147483589,-2147483612,0,0,0,
-2147483586,0,0,0,0,0,0,-2147483581,0,0,0,0,0,0,0,0,0,0,0,0,0,0,0,0,0,0,0,0,0,-2147483556,0,0,0,0,0,0,0,0,0,-2147483606,0,0,0,0,0,0,0,0,0,0,
-2147483586,0,0,0,0,0,0,-2147483581,0,0,0,0,0,0,0,0,0,0,0,0,0,0,0,0,0,0,0,0,0,-2147483556,0,0,0,0,0,0,0,0,0,-2147483606,0,0,0,0,0,0,0,0,0,0,
-2147483586,0,0,0,0,0,0,-2147483581,0,-2147483612,-2147483612,-2147483612,-2147483613,-2147483637,-2147483612,-2147483612,-2147483612,-2147483612,-2147483589,-2147483613,0,0,0,0,0,0,0,0,0,-2147483556,0,0,0,0,0,0,0,0,0,-2147483606,0,0,0,0,0,0,0,0,0,0,
-2147483586,0,0,0,0,0,0,-2147483581,0,0,0,0,0,0,0,0,0,0,0,0,0,0,0,0,0,0,0,0,0,-2147483556,0,0,0,0,0,0,0,0,0,-2147483606,0,0,0,0,0,0,0,0,0,0,
-2147483586,0,0,0,0,0,0,-2147483581,0,0,0,0,0,0,0,0,0,0,0,0,0,0,0,0,0,0,0,0,0,-2147483556,0,0,0,0,0,0,0,0,0,-2147483606,0,0,0,0,0,0,0,0,0,0,
-2147483586,0,0,0,0,0,0,-2147483581,0,0,0,0,0,0,0,0,0,0,0,0,0,0,0,0,0,0,0,0,0,-2147483556,0,0,0,0,0,0,0,0,0,-2147483606,0,0,0,0,0,0,0,0,0,0,
-2147483586,0,0,0,0,0,0,-2147483581,0,0,0,0,0,0,0,0,0,0,0,0,0,0,0,0,0,0,0,0,0,0,0,0,0,0,0,0,0,0,0,-2147483606,0,0,0,0,0,0,0,0,0,-2147483637,
-2147483586,0,0,0,0,0,0,-2147483581,0,0,0,0,0,0,0,0,0,0,0,0,0,0,0,0,0,0,0,0,0,0,0,0,0,-2147483612,-2147483612,-2147483589,-2147483589,-2147483612,0,-2147483606,0,0,0,0,0,0,0,0,-2147483612,-2147483613,
-2147483586,0,0,0,0,0,0,-2147483581,0,0,0,0,0,0,0,0,0,0,0,0,0,0,0,0,-2147483613,-2147483613,-2147483613,-2147483613,-2147483589,-2147483613,-2147483589,0,0,0,0,0,0,0,0,-2147483606,0,0,0,0,0,0,-2147483589,-2147483613,-2147483612,0,
-2147483586,0,0,0,0,0,0,0,0,0,0,0,0,0,0,0,0,0,0,0,0,0,0,0,0,0,0,0,0,0,0,0,0,0,0,0,0,0,0,-2147483606,-2147483589,-2147483589,-2147483612,-2147483637,-2147483613,-2147483613,-2147483637,0,0,0,
-2147483586,0,0,0,0,0,0,0,0,0,0,0,0,0,0,-2147483613,-2147483637,-2147483612,-2147483612,0,0,0,0,0,0,0,0,0,0,0,0,0,0,0,0,0,0,0,0,-2147483606,0,0,0,0,0,0,0,0,0,0,
-2147483586,-2147483637,-2147483613,-2147483613,-2147483613,-2147483637,-2147483613,-2147483589,-2147483589,0,0,0,-2147483589,-2147483589,-2147483613,-2147483612,0,0,-2147483612,-2147483637,-2147483612,0,0,0,0,0,0,0,0,0,0,0,0,0,0,0,0,0,0,-2147483606,0,0,0,0,0,0,0,0,0,0,
-2147483586,0,0,0,0,0,0,0,0,0,0,0,0,0,0,0,0,0,0,0,0,0,0,0,0,0,0,0,0,0,0,0,0,0,0,0,0,0,0,-2147483606,0,0,0,0,0,0,0,0,0,0,
-2147483586,0,0,0,0,0,0,0,0,0,0,0,0,0,0,0,0,0,0,0,0,0,0,0,0,0,0,0,0,0,0,0,0,0,0,0,0,0,0,-2147483606,0,0,0,0,0,0,0,0,0,0,
-2147483586,0,0,0,0,0,0,0,0,0,0,0,0,0,0,0,0,0,0,0,0,0,0,0,0,0,0,0,0,0,0,0,0,0,0,0,0,0,0,-2147483606,0,0,0,0,0,0,0,0,0,0,
-2147483586,0,0,0,0,0,0,0,0,0,0,0,0,0,0,0,0,0,0,0,0,0,0,0,0,0,0,0,0,0,0,0,0,0,0,0,0,0,0,-2147483606,0,0,0,0,0,0,0,0,0,0,
-2147483586,0,0,0,0,0,0,0,0,0,0,0,0,0,0,0,0,0,0,0,0,0,0,0,0,0,0,0,0,0,0,0,0,0,0,0,0,0,0,0,0,0,0,0,0,0,0,0,0,0,
-2147483586,0,0,0,0,0,0,0,0,0,0,0,0,0,0,0,0,0,0,0,0,0,0,0,0,0,0,0,0,0,0,0,0,0,0,-2147483613,-2147483637,-2147483637,-2147483612,-2147483612,-2147483637,-2147483637,0,0,0,0,0,0,0,0,
-2147483586,0,0,0,0,0,0,0,0,0,0,0,0,0,0,0,0,0,0,0,0,0,0,0,0,0,0,0,0,0,0,0,0,0,0,0,0,0,0,0,0,0,0,0,0,0,0,0,0,0,
-2147483586,0,0,0,0,0,0,0,0,0,0,0,0,0,0,0,0,0,0,0,0,0,0,0,0,0,0,0,0,-2147483589,-2147483589,-2147483612,-2147483637,-2147483637,0,0,0,0,0,0,0,0,0,0,0,0,0,0,0,0,
-2147483586,0,0,0,0,0,0,0,0,0,0,0,0,0,0,0,0,0,0,0,0,0,0,0,-2147483637,-2147483612,0,0,0,0,0,0,0,0,0,0,0,0,0,0,0,0,0,0,0,0,0,0,0,0,
-2147483586,0,0,0,0,0,0,0,0,0,0,0,0,0,0,0,0,0,0,0,0,0,0,0,0,-2147483613,-2147483613,-2147483613,0,0,0,0,0,0,0,0,0,0,0,0,0,0,0,0,0,0,0,0,0,0,
-2147483586,0,0,0,0,0,0,0,0,0,0,0,0,0,0,0,0,0,-2147483637,-2147483589,-2147483589,-2147483589,0,0,0,0,0,0,0,0,0,0,0,0,0,0,0,0,0,0,0,0,0,0,0,0,0,0,0,0,
-2147483586,-2147483589,-2147483589,-2147483637,-2147483613,-2147483589,-2147483589,-2147483589,-2147483589,-2147483612,-2147483589,-2147483589,-2147483612,-2147483637,-2147483612,-2147483613,-2147483637,0,0,0,0,0,0,0,0,0,0,0,0,0,0,0,0,0,0,0,0,0,0,0,0,0,0,0,-2147483612,-2147483637,-2147483589,-2147483613,-2147483613,-2147483612,
-2147483586,0,0,0,0,0,-2147483606,0,0,0,0,0,0,-2147483606,0,0,0,0,0,0,0,0,0,0,0,0,0,0,0,0,0,0,0,0,0,0,0,0,0,0,-2147483637,-2147483637,-2147483612,-2147483612,-2147483637,0,0,0,0,-2147483637,
-2147483586,0,0,0,0,0,-2147483606,0,0,0,0,0,0,-2147483606,0,0,0,0,0,0,0,0,0,0,0,0,0,0,0,0,0,0,0,0,0,0,0,0,0,0,0,0,0,0,0,0,0,0,0,0,
-2147483586,0,0,0,0,0,-2147483606,0,0,0,0,0,0,-2147483606,0,0,0,0,0,0,0,0,0,0,0,0,0,0,0,0,0,0,0,0,0,0,0,0,0,0,0,0,0,0,0,0,0,0,0,0,
-2147483586,0,0,0,0,0,-2147483606,-2147483589,-2147483589,-2147483637,-2147483613,-2147483612,-2147483612,-2147483606,0,0,0,0,0,0,0,0,0,0,0,0,0,0,0,0,0,0,0,0,0,0,0,0,0,0,0,0,0,0,0,0,0,0,0,0,
-2147483586,0,0,0,0,0,-2147483606,0,0,0,0,0,-2147483612,-2147483606,0,0,0,0,0,0,0,0,0,0,0,0,0,0,0,0,0,0,0,0,0,0,0,0,0,0,0,0,0,0,0,0,0,0,0,0,
-2147483586,0,0,0,0,0,-2147483606,0,0,0,0,0,-2147483612,-2147483606,0,0,0,0,0,0,0,0,0,0,0,0,0,0,0,0,0,0,0,0,0,0,0,0,0,0,0,0,0,0,0,0,0,0,0,0,
-2147483586,0,0,0,0,0,-2147483606,0,0,0,0,0,-2147483613,0,0,0,0,0,0,0,0,0,0,0,0,0,0,0,0,0,0,0,0,0,0,0,0,0,0,0,0,0,0,0,0,0,0,0,0,0,
-2147483586,0,0,0,0,0,-2147483606,0,0,0,0,0,-2147483612,-2147483613,-2147483612,-2147483613,-2147483589,-2147483613,0,0,0,0,0,0,0,0,0,0,0,0,0,0,0,0,0,0,0,0,0,0,0,0,0,0,0,0,0,0,0,0,
-2147483586,0,0,0,0,0,-2147483606,0,0,0,0,0,0,0,0,0,0,-2147483613,-2147483613,0,0,0,0,0,0,0,0,0,0,0,0,0,0,0,0,0,0,-2147483613,-2147483613,-2147483612,-2147483613,-2147483613,0,0,0,0,0,0,0,0,
-2147483586,0,0,0,0,0,-2147483606,0,0,0,0,0,0,0,0,0,0,0,-2147483589,0,0,0,0,0,-2147483612,-2147483613,0,0,0,0,0,0,0,0,0,0,0,0,0,0,0,-2147483613,-2147483613,0,0,0,0,0,0,0,
-2147483586,0,0,0,0,0,0,0,0,0,0,0,0,0,0,0,0,0,-2147483613,-2147483589,0,0,0,-2147483589,-2147483637,0,0,0,0,0,11,11,36,11,60,60,0,0,0,0,0,0,-2147483637,-2147483613,-2147483613,0,0,0,0,0,
-2147483562,0,0,0,0,0,0,0,0,0,0,0,0,0,0,0,0,0,0,-2147483613,-2147483612,-2147483589,-2147483637,-2147483612,0,0,0,0,59,59,59,11,36,36,60,11,11,0,0,0,0,0,0,0,-2147483613,-2147483613,0,0,0,0,
-2147483596,-2147483598,-2147483643,-2147483643,-2147483596,-2147483597,-2147483596,-2147483643,-2147483596,-2147483596,-2147483643,-2147483643,-2147483643,-2147483643,-2147483597,-2147483597,-2147483597,-2147483596,-2147483643,-2147483597,-2147483598,-2147483598,-2147483596,-2147483598,-2147483597,-2147483596,-2147483643,-2147483596,-2147483597,-2147483597,-2147483597,-2147483597,-2147483596,-2147483643,-2147483596,-2147483596,-2147483598,-2147483643,-2147483643,-2147483597,-2147483596,-2147483596,-2147483596,-2147483598,-2147483596,-2147483596,-2147483598,-2147483598,-2147483596,-2147483599

[Object Layer]
# Weapons
type=Weapons
location=737,155,0,0

[Object Layer]
# Weapons
type=Weapons
location=53,552,0,0

[Object Layer]
# Enemies
type=Enemies
location=510,741,0,0

[Object Layer]
# Enemies
type=Enemies
location=342,748,0,0

[Object Layer]
# Enemies
type=Enemies
location=208,762,0,0

[Object Layer]
# Enemies
type=Enemies
location=133,531,0,0

[Object Layer]
# Enemies
type=Enemies
location=200,555,0,0

[Object Layer]
# Enemies
type=Enemies
location=32,359,0,0

[Object Layer]
# Enemies
type=Enemies
location=204,228,0,0

[Object Layer]
# Enemies
type=Enemies
location=627,151,0,0

[Object Layer]
# Enemies
type=Enemies
location=697,339,0,0

[Object Layer]
# Enemies
type=Enemies
location=419,314,0,0

[Object Layer]
# Enemies
type=Enemies
location=750,555,0,0

