[header]
width=50
height=50
tilewidth=16
tileheight=16

[tilesets]
tileset=../../Dropbox/Game Programming/dirt-tiles.png,16,16,0,0

[layer]
type=Tile Layer 1
data=
-2147483610,0,-2147483612,-2147483589,-2147483589,-2147483589,-2147483588,-2147483637,-2147483637,0,0,0,0,0,0,0,0,0,0,0,0,0,-2147483612,-2147483588,-2147483589,-2147483612,0,0,-2147483613,-2147483613,-2147483613,-2147483588,0,0,0,0,0,0,0,0,0,0,0,0,0,0,0,0,0,0,
-2147483586,0,0,0,0,0,0,0,0,0,0,0,0,0,0,0,-2147483613,-2147483612,-2147483589,-2147483589,-2147483613,-2147483588,-2147483612,0,0,0,0,0,0,0,0,0,0,0,0,-2147483588,-2147483588,-2147483612,-2147483612,-2147483613,-2147483612,0,0,0,0,0,0,0,0,0,
-2147483586,0,0,0,0,0,0,0,0,0,-2147483612,-2147483612,-2147483613,-2147483589,-2147483612,-2147483588,-2147483613,0,0,0,0,-2147483606,0,0,0,0,0,0,0,0,0,0,0,0,0,0,0,0,0,0,-2147483612,-2147483588,-2147483589,0,0,0,0,0,0,0,
-2147483586,0,0,0,0,0,0,0,0,-2147483612,-2147483613,0,0,0,0,0,0,0,0,0,0,-2147483606,0,0,0,0,0,0,0,0,0,0,0,0,0,0,0,0,0,0,0,0,-2147483612,-2147483589,-2147483612,0,0,0,0,0,
-2147483586,0,0,0,-2147483612,-2147483612,-2147483613,-2147483637,-2147483588,-2147483637,0,0,0,0,0,0,0,0,0,0,0,-2147483606,0,0,0,0,0,0,0,0,0,0,0,0,0,0,0,0,0,0,0,0,0,-2147483606,-2147483589,-2147483589,-2147483637,-2147483613,-2147483637,-2147483613,
-2147483586,0,0,0,0,0,0,0,0,0,0,0,0,0,0,0,0,0,0,0,0,-2147483606,0,0,0,0,0,0,0,0,0,0,0,0,0,0,0,0,0,0,0,0,0,-2147483606,0,0,0,0,0,0,
-2147483586,-2147483637,-2147483588,0,0,0,0,0,0,0,0,0,0,0,0,0,0,0,0,0,0,-2147483606,0,0,0,0,0,0,0,0,0,0,0,0,0,0,0,0,0,0,0,0,0,-2147483606,0,0,0,0,0,0,
-2147483586,0,-2147483588,-2147483612,-2147483612,0,0,0,0,0,0,0,0,0,0,0,0,0,0,0,0,-2147483606,0,0,0,0,0,0,0,0,0,0,0,0,0,0,0,0,0,0,0,0,0,-2147483606,0,0,0,0,0,0,
-2147483586,0,0,0,-2147483589,-2147483588,0,0,0,0,0,0,0,0,0,0,0,0,0,0,0,-2147483606,0,0,0,0,0,0,0,0,0,0,0,0,0,0,0,0,0,0,0,0,0,-2147483606,0,0,0,0,0,0,
-2147483586,0,0,0,0,-2147483613,-2147483613,-2147483613,-2147483588,-2147483613,-2147483613,-2147483588,-2147483589,-2147483637,-2147483613,-2147483588,-2147483637,-2147483613,-2147483612,-2147483637,-2147483637,-2147483606,0,0,0,0,0,0,0,0,0,0,0,0,0,0,0,0,0,0,0,0,0,-2147483606,0,0,0,0,0,0,
-2147483586,0,0,0,0,0,0,0,0,0,0,0,0,0,0,0,0,0,0,0,0,-2147483606,0,0,0,0,0,0,0,0,0,0,0,0,0,0,0,0,0,0,0,0,0,-2147483606,0,0,0,0,0,0,
-2147483586,0,0,0,0,0,0,0,0,0,0,0,0,0,0,0,0,0,0,0,0,-2147483606,0,0,0,0,0,0,0,0,0,0,0,0,0,0,0,0,0,0,0,0,0,-2147483606,0,0,0,0,0,0,
-2147483586,0,0,0,0,0,0,0,0,0,0,0,0,0,0,0,0,0,0,0,0,-2147483606,0,0,0,0,0,0,0,0,0,0,0,0,0,0,0,0,0,0,0,0,0,-2147483606,0,0,0,0,0,0,
-2147483586,0,0,0,0,0,0,0,0,0,0,0,0,0,0,0,0,0,0,0,0,-2147483606,-2147483589,-2147483637,-2147483637,-2147483637,-2147483589,-2147483588,-2147483613,-2147483613,0,0,0,0,0,0,0,0,0,0,0,0,0,-2147483606,0,0,0,0,0,0,
-2147483586,0,0,0,0,0,0,0,0,0,0,0,0,0,0,0,0,0,0,0,0,-2147483606,0,0,0,0,0,0,0,0,0,0,0,0,-2147483588,-2147483588,-2147483637,-2147483612,-2147483637,-2147483637,-2147483612,-2147483613,-2147483612,-2147483606,0,0,0,0,0,0,
-2147483586,0,0,0,0,0,0,0,0,0,0,0,0,0,0,0,0,0,0,0,0,-2147483606,0,0,0,0,0,0,0,0,0,0,0,0,0,0,0,0,0,0,0,0,0,-2147483606,0,0,0,0,0,0,
-2147483586,0,0,0,0,0,0,0,0,0,0,0,0,0,0,0,0,0,0,0,0,-2147483606,0,0,0,0,0,0,0,0,0,0,0,0,0,0,0,0,0,0,0,0,0,-2147483606,0,0,0,0,0,0,
-2147483586,0,0,0,0,0,0,0,0,0,0,0,0,0,0,0,0,0,0,0,0,-2147483606,0,0,0,0,0,0,0,0,0,0,0,0,0,0,0,0,0,0,0,0,0,-2147483606,0,0,0,0,0,0,
-2147483586,0,0,0,0,0,0,0,0,0,0,0,0,0,0,0,0,0,0,0,0,-2147483606,0,0,0,0,0,0,0,0,0,0,0,0,0,0,0,0,0,0,0,0,0,0,0,0,0,-2147483589,-2147483613,-2147483613,
-2147483586,0,0,0,0,0,0,0,0,0,0,0,0,0,0,0,0,0,0,0,0,-2147483606,0,0,0,0,0,0,0,0,0,0,0,0,0,0,0,0,0,0,0,0,0,0,-2147483637,-2147483589,-2147483589,-2147483588,0,0,
-2147483586,0,0,0,0,0,0,0,0,0,0,0,0,0,0,0,0,0,0,0,0,-2147483606,0,0,0,0,0,0,0,0,0,0,0,0,0,0,0,0,0,0,0,0,0,-2147483613,-2147483613,0,0,0,0,0,
-2147483586,0,0,0,0,0,0,0,0,0,0,0,0,0,0,0,0,0,0,0,0,-2147483606,0,0,0,0,0,0,0,0,0,0,0,0,0,0,0,0,0,0,0,0,0,0,-2147483606,0,0,0,0,0,
-2147483586,0,0,0,0,0,0,0,0,0,0,0,0,0,0,0,0,0,0,0,0,-2147483606,0,0,0,0,0,0,0,0,0,0,0,0,0,0,0,0,0,0,0,0,0,0,-2147483606,0,0,0,0,0,
-2147483586,0,0,0,0,0,0,0,0,0,0,0,0,0,0,0,0,0,0,0,0,-2147483606,0,0,0,0,0,0,0,0,0,0,0,0,0,0,0,0,0,0,0,0,0,0,-2147483606,0,0,0,0,0,
-2147483586,0,0,0,0,0,0,0,0,-2147483589,0,0,0,0,0,0,0,0,0,0,0,-2147483606,0,0,0,0,0,0,0,0,0,0,0,0,0,0,0,0,0,0,0,0,0,-2147483613,-2147483606,0,0,0,0,0,
-2147483586,0,0,0,0,0,0,0,0,-2147483589,0,0,0,0,0,0,0,0,0,0,0,-2147483606,0,0,0,0,0,0,0,0,0,0,0,0,0,0,0,0,0,0,0,0,0,-2147483612,-2147483606,0,0,0,0,0,
-2147483586,0,0,0,0,0,0,0,0,-2147483612,-2147483589,0,0,0,0,0,0,0,0,0,0,0,0,0,0,0,0,0,0,0,0,0,0,0,0,0,0,0,0,0,0,0,0,-2147483612,-2147483606,0,0,0,0,0,
-2147483586,0,0,0,0,0,0,0,0,0,-2147483637,-2147483589,0,0,0,0,0,0,0,0,0,0,0,0,0,0,0,0,0,0,0,0,0,0,0,0,0,0,0,0,0,0,0,-2147483588,-2147483606,0,0,0,0,0,
-2147483586,0,0,0,0,0,0,0,0,0,0,-2147483588,0,0,0,-2147483589,-2147483588,-2147483589,-2147483588,-2147483588,-2147483613,-2147483637,-2147483613,-2147483637,-2147483637,-2147483588,-2147483588,-2147483588,-2147483613,-2147483612,-2147483637,-2147483589,-2147483613,-2147483612,-2147483612,-2147483589,-2147483588,-2147483613,-2147483588,-2147483637,0,0,-2147483588,-2147483612,-2147483606,0,0,0,0,0,
-2147483586,0,0,0,0,0,0,0,0,0,0,-2147483588,-2147483589,-2147483588,-2147483612,-2147483637,0,0,0,0,0,0,0,0,0,0,0,0,0,0,0,0,0,0,0,0,-2147483606,0,0,-2147483613,-2147483613,-2147483613,-2147483613,0,-2147483606,0,0,0,0,0,
-2147483586,0,0,0,0,0,0,0,0,0,0,0,0,0,0,0,0,0,0,0,0,0,0,0,0,0,0,0,0,0,0,0,0,0,0,0,-2147483606,0,0,0,0,0,0,0,-2147483606,0,0,0,0,0,
-2147483586,0,0,0,0,0,0,0,0,0,0,0,0,0,0,0,0,0,0,0,0,0,0,0,0,0,0,0,0,0,0,0,0,0,0,0,-2147483606,0,0,0,0,0,0,0,-2147483606,0,0,0,0,0,
-2147483586,0,0,0,0,0,0,0,0,0,0,0,0,0,0,0,0,0,0,0,0,0,0,0,0,0,0,0,0,0,0,0,0,0,0,0,-2147483606,0,0,0,0,0,0,0,-2147483606,0,0,0,0,0,
-2147483586,0,0,0,0,0,0,0,0,0,0,0,0,0,0,0,0,0,0,0,0,0,0,0,0,0,0,0,0,0,0,0,0,0,0,0,-2147483606,0,0,0,0,0,0,0,-2147483606,0,0,0,0,0,
-2147483586,0,0,0,0,0,0,0,0,0,0,0,0,0,0,0,0,0,0,0,0,0,0,0,0,0,0,0,0,0,0,0,0,0,0,0,-2147483606,0,0,0,0,0,0,0,-2147483606,0,0,0,0,0,
-2147483586,0,0,0,0,0,0,0,0,0,0,0,0,0,0,0,0,0,0,0,0,0,0,0,0,0,0,0,0,0,0,0,0,0,0,0,-2147483606,0,0,0,0,0,0,0,-2147483606,0,0,0,0,0,
-2147483586,0,0,0,0,0,0,0,0,0,0,0,0,0,0,0,0,0,0,0,0,0,0,0,0,0,0,0,0,0,0,0,0,0,0,0,-2147483606,0,0,0,0,0,0,0,-2147483606,0,0,0,0,0,
-2147483586,0,0,-2147483613,-2147483588,0,0,0,0,0,0,0,0,0,0,0,0,0,0,0,0,0,0,0,0,0,0,0,0,0,0,0,0,0,0,0,-2147483606,0,0,0,0,0,0,0,-2147483606,0,0,-2147483589,-2147483589,0,
-2147483586,0,0,0,-2147483613,-2147483637,0,0,0,0,0,0,0,0,0,0,0,0,0,0,0,0,0,0,0,0,0,0,0,0,0,0,0,0,0,0,-2147483606,0,0,0,0,0,0,0,0,0,-2147483589,-2147483612,0,0,
-2147483586,0,0,0,0,-2147483588,-2147483588,0,0,0,0,0,0,0,0,0,0,0,0,0,0,0,0,0,0,0,0,0,0,0,0,0,0,0,0,0,-2147483606,0,0,0,0,0,0,0,0,-2147483589,-2147483589,0,0,0,
-2147483586,0,0,0,0,0,-2147483613,-2147483588,-2147483612,0,0,0,0,0,0,0,0,0,0,0,0,0,0,0,0,0,0,0,0,0,0,0,0,0,0,0,-2147483606,-2147483612,0,0,0,-2147483612,-2147483589,-2147483588,-2147483613,-2147483588,0,0,0,0,
-2147483586,0,0,0,0,0,0,0,-2147483612,-2147483588,-2147483637,-2147483613,-2147483589,-2147483637,-2147483589,-2147483637,-2147483637,0,0,-2147483613,-2147483613,-2147483588,-2147483588,-2147483588,-2147483588,-2147483613,-2147483589,-2147483589,-2147483612,-2147483588,-2147483613,-2147483588,-2147483637,-2147483589,0,0,-2147483606,-2147483589,-2147483588,-2147483589,-2147483612,-2147483613,0,0,0,0,0,0,0,0,
-2147483586,0,0,0,0,0,0,0,0,0,0,0,0,0,0,0,0,0,0,0,0,0,0,0,0,0,0,0,0,0,0,0,0,0,0,0,-2147483606,0,0,0,0,0,0,0,0,0,0,0,0,0,
-2147483586,0,0,0,0,0,0,0,0,0,0,0,0,0,0,0,0,0,0,0,0,0,0,0,0,0,0,0,0,0,0,0,0,0,0,0,-2147483606,0,0,0,0,0,0,0,0,0,0,0,0,0,
-2147483586,0,0,0,0,0,0,0,0,0,0,0,0,0,0,0,0,0,0,0,0,0,0,0,0,0,0,0,0,0,0,0,0,0,0,0,-2147483606,0,0,0,0,0,0,0,0,0,0,0,0,0,
-2147483586,0,0,0,0,0,0,0,0,0,0,0,0,0,0,0,0,0,0,0,0,0,0,0,0,0,0,0,0,0,0,0,0,0,0,0,-2147483606,0,0,0,0,0,0,0,0,0,0,0,0,0,
-2147483586,0,0,0,0,0,0,0,0,0,0,0,0,0,0,0,0,0,0,0,0,0,0,0,0,0,0,0,0,0,0,0,0,0,0,0,-2147483606,0,0,0,0,0,0,0,0,0,0,0,0,0,
-2147483586,0,0,0,0,0,0,0,0,0,0,0,0,0,0,0,0,0,0,0,0,0,0,0,0,-2147483589,-2147483637,-2147483589,-2147483589,-2147483612,-2147483588,0,0,0,0,0,0,0,0,0,0,0,0,0,-2147483612,0,0,0,-2147483613,0,
-2147483562,-2147483613,-2147483613,-2147483589,-2147483589,-2147483612,-2147483589,-2147483612,-2147483589,-2147483612,-2147483612,-2147483588,-2147483612,-2147483637,-2147483612,-2147483588,0,0,0,-2147483589,-2147483589,-2147483588,-2147483637,-2147483637,-2147483613,-2147483612,-2147483612,-2147483589,-2147483613,-2147483613,-2147483613,-2147483613,-2147483588,-2147483612,-2147483589,-2147483613,-2147483612,-2147483588,-2147483613,0,0,0,-2147483589,-2147483589,-2147483612,-2147483612,0,-2147483589,-2147483637,-2147483637,
-2147483596,-2147483598,-2147483643,-2147483643,-2147483596,-2147483597,-2147483596,-2147483643,-2147483596,-2147483596,-2147483643,-2147483643,-2147483643,-2147483643,-2147483597,-2147483597,-2147483597,-2147483596,-2147483643,-2147483597,-2147483598,-2147483598,-2147483596,-2147483598,-2147483597,-2147483596,-2147483643,-2147483596,-2147483597,-2147483597,-2147483597,-2147483597,-2147483596,-2147483643,-2147483596,-2147483596,-2147483598,-2147483643,-2147483643,-2147483597,-2147483596,-2147483596,-2147483596,-2147483598,-2147483596,-2147483596,-2147483598,-2147483598,-2147483596,-2147483599

[Object Layer]
# Weapons
type=Weapons
location=108,120,0,0

[Object Layer]
# Weapons
type=Weapons
location=771,271,0,0

[Object Layer]
# Enemies
type=Enemies
location=85,749,0,0

[Object Layer]
# Enemies
type=Enemies
location=183,751,0,0

[Object Layer]
# Enemies
type=Enemies
location=439,743,0,0

[Object Layer]
# Enemies
type=Enemies
location=430,642,0,0

[Object Layer]
# Enemies
type=Enemies
location=188,645,0,0

[Object Layer]
# Enemies
type=Enemies
location=407,434,0,0

[Object Layer]
# Enemies
type=Enemies
location=509,430,0,0

[Object Layer]
# Enemies
type=Enemies
location=607,197,0,0

[Object Layer]
# Enemies
type=Enemies
location=411,199,0,0

[Object Layer]
# Enemies
type=Enemies
location=238,122,0,0

[Object Layer]
# Enemies
type=Enemies
location=173,128,0,0

