[header]
width=50
height=50
tilewidth=16
tileheight=16

[tilesets]
tileset=../../Dropbox/Game Programming/dirt-tiles.png,16,16,0,0

[layer]
type=Tile Layer 1
data=
1,50,52,50,51,50,50,50,50,54,50,54,50,53,52,52,51,50,53,51,52,54,51,54,50,54,54,54,53,53,54,51,51,53,50,52,51,54,50,51,50,50,50,51,51,54,54,54,50,50,
35,0,0,0,0,0,0,0,0,0,0,0,0,0,0,0,0,0,0,0,0,0,0,0,0,0,0,0,0,0,0,0,0,0,0,0,0,0,0,0,0,0,0,0,0,0,0,0,0,35,
35,0,0,0,0,0,0,0,0,0,0,0,0,0,0,0,0,0,0,0,0,0,0,0,0,0,0,0,0,0,0,0,0,0,0,0,0,0,0,0,0,0,0,0,0,0,0,0,0,35,
11,0,0,0,0,0,0,0,0,0,0,0,0,0,0,0,0,0,0,0,0,0,0,0,0,0,0,0,0,0,0,0,0,0,0,0,0,0,0,0,0,0,0,0,0,0,0,0,0,59,
11,0,0,0,147,0,0,0,0,0,0,0,0,0,0,0,0,0,0,0,0,0,0,0,0,0,0,0,0,0,0,0,0,0,0,0,0,0,0,0,0,0,0,0,0,0,0,0,0,35,
35,0,0,0,171,0,0,0,0,0,0,0,0,0,0,0,0,0,0,0,0,0,0,0,0,0,0,0,0,0,0,0,0,0,0,0,0,0,0,0,0,0,0,0,0,0,0,0,0,35,
35,0,0,35,59,35,59,59,59,0,0,0,0,0,0,0,0,0,0,0,0,0,0,0,0,0,0,0,0,0,0,0,0,0,0,0,0,0,0,0,0,0,0,0,0,0,0,0,0,11,
11,0,0,0,0,0,0,0,92,0,0,0,0,0,0,0,0,0,0,0,0,0,0,0,0,0,0,0,0,0,0,0,0,0,0,0,0,0,0,0,0,0,0,0,0,0,0,0,0,11,
59,0,0,0,0,0,0,0,92,0,0,0,0,0,0,0,0,0,0,0,0,0,0,0,0,0,0,0,0,0,0,0,0,0,0,0,0,0,0,35,35,35,35,11,35,35,35,35,35,35,
59,0,0,0,0,0,0,0,92,0,0,209,210,0,0,0,0,0,0,0,0,0,0,0,59,11,11,35,35,35,35,11,11,11,35,35,35,35,11,59,0,0,0,0,0,0,0,92,0,35,
35,0,0,0,0,0,0,0,92,0,0,233,234,0,0,0,0,0,0,0,0,0,0,0,0,0,0,0,0,0,0,0,0,0,0,0,0,0,0,0,0,0,0,0,0,0,0,92,0,35,
59,49,52,51,51,51,51,50,52,50,50,50,51,50,52,51,52,51,50,51,51,51,0,0,0,0,0,0,0,0,0,0,0,0,0,0,0,0,0,0,0,0,0,0,0,0,0,92,0,35,
35,0,0,0,0,0,0,0,0,0,0,0,0,0,0,0,0,0,0,0,0,0,0,0,0,0,0,0,0,0,0,0,0,0,0,0,0,0,0,0,0,0,0,0,0,0,0,92,0,11,
35,0,0,0,0,0,0,0,0,0,0,0,0,0,0,0,0,0,0,0,0,0,0,0,0,0,0,0,0,0,0,0,0,0,0,0,0,0,0,0,0,0,0,0,0,0,0,92,0,35,
59,0,0,0,0,0,0,0,0,0,0,0,0,0,0,0,0,0,0,0,0,0,0,0,0,0,0,0,0,0,0,0,0,0,0,0,0,0,0,0,0,0,0,0,0,0,0,92,0,59,
35,0,0,0,0,0,0,0,0,0,0,0,0,0,0,0,0,0,0,0,0,0,0,0,0,0,0,0,0,0,0,0,0,0,0,0,0,0,0,0,0,0,0,0,0,0,0,92,0,11,
11,0,0,0,0,0,0,0,0,0,0,0,0,0,0,0,0,0,0,0,0,0,0,0,0,0,0,0,0,0,0,0,0,0,0,0,0,0,0,0,0,0,0,0,0,0,0,92,0,59,
35,0,0,0,0,0,0,0,0,0,0,0,0,0,0,0,0,0,0,0,0,0,0,0,0,0,0,0,0,0,0,0,0,0,0,0,0,0,0,0,0,0,0,0,0,0,0,92,0,59,
59,0,0,0,0,0,0,0,0,0,0,0,0,0,0,0,0,0,0,0,0,0,0,0,0,0,0,0,0,0,0,0,0,0,0,0,0,0,0,0,0,0,0,0,0,0,0,92,0,59,
11,0,0,0,0,0,0,0,0,0,0,0,0,0,0,0,0,0,0,0,0,0,0,0,0,0,0,0,0,0,0,0,0,0,0,0,0,0,0,0,0,0,0,0,0,0,0,92,0,35,
59,0,0,0,0,0,0,0,0,0,0,0,0,0,0,0,0,0,0,0,0,0,0,0,0,0,0,0,0,0,0,0,0,11,59,59,35,35,11,11,35,11,11,11,11,35,35,35,59,11,
11,0,0,0,0,0,0,0,0,0,0,0,0,0,0,0,0,0,0,0,0,0,0,0,0,0,0,0,0,0,0,0,11,35,0,0,0,0,0,0,0,0,0,0,0,0,0,0,0,11,
59,0,0,0,0,0,0,0,0,0,0,0,0,0,0,0,0,0,0,0,0,0,0,0,0,0,0,0,0,0,0,11,35,0,0,0,0,0,0,0,0,0,0,0,0,0,0,0,0,11,
59,0,0,0,0,0,0,0,0,0,0,0,0,0,0,0,0,0,0,0,0,0,0,0,0,0,0,0,0,35,35,11,0,0,0,0,0,0,0,0,0,0,0,0,0,0,0,0,0,11,
59,0,0,0,0,0,0,0,0,0,0,0,0,0,0,0,0,0,0,0,0,0,0,0,0,0,0,0,35,35,0,0,0,0,0,0,0,0,0,0,0,0,0,0,0,0,0,0,0,11,
11,0,0,0,0,0,0,0,0,0,0,0,0,0,0,0,0,0,0,0,0,0,0,0,0,0,35,11,35,0,0,0,0,0,0,0,0,0,0,0,0,0,0,0,0,0,0,0,0,59,
35,0,0,0,0,0,0,0,0,0,0,0,0,0,0,0,0,0,0,0,0,0,0,0,35,35,11,0,0,0,0,0,0,0,0,0,0,0,0,0,0,0,0,0,0,0,0,0,0,59,
35,0,0,0,0,0,0,0,0,0,0,0,0,0,0,0,0,0,0,0,0,11,11,59,35,0,0,0,0,0,0,0,0,0,0,0,0,0,0,0,0,0,0,0,0,0,0,0,0,59,
59,0,0,0,0,0,0,0,0,0,0,0,0,0,0,0,0,0,35,35,11,11,0,0,0,0,0,0,0,0,0,0,0,0,0,0,0,0,0,0,0,0,0,0,0,0,0,0,0,59,
59,0,0,0,0,0,0,0,0,0,0,0,0,0,0,35,35,35,11,0,0,0,0,0,0,0,0,0,0,0,0,0,0,0,0,0,0,0,0,0,0,0,0,0,0,0,0,0,0,59,
59,0,0,0,0,0,35,35,35,11,35,59,35,11,11,35,0,0,0,0,0,0,0,0,0,0,0,0,0,0,0,0,0,0,0,0,0,0,0,0,0,0,0,0,0,0,0,0,0,35,
11,59,0,0,0,0,0,0,0,0,0,0,0,0,0,0,0,0,0,0,0,0,0,0,0,0,0,0,0,0,0,0,0,0,0,0,0,0,0,0,0,0,0,0,0,0,0,0,0,35,
11,35,11,0,0,0,0,0,0,0,0,0,0,0,0,0,0,0,0,0,0,0,0,0,0,0,0,0,0,0,0,0,0,0,0,0,0,0,0,35,35,35,35,0,0,0,0,0,0,59,
59,0,11,35,35,35,11,11,11,0,0,0,0,0,0,0,0,0,0,59,59,59,11,35,35,35,59,35,11,35,35,35,35,35,35,11,11,11,59,35,0,0,92,0,0,0,0,0,0,11,
59,0,0,0,0,0,0,0,35,59,11,11,35,35,35,11,11,35,11,11,0,0,0,0,0,0,0,0,0,0,0,0,0,0,0,0,0,0,0,0,0,0,92,0,0,0,0,0,0,59,
11,0,0,0,0,0,0,0,0,0,0,0,0,0,0,0,0,0,0,0,0,0,0,0,0,0,0,0,0,0,0,0,0,0,0,0,0,0,0,0,0,0,92,0,0,0,0,0,0,35,
59,0,0,0,0,0,0,0,0,0,0,0,0,0,0,0,0,0,0,0,0,0,0,0,0,0,0,0,0,0,0,0,0,0,0,0,0,0,0,0,0,0,92,0,0,0,0,0,0,35,
11,0,0,0,0,0,0,0,0,0,0,0,0,0,0,0,0,0,0,0,0,0,0,0,0,0,0,0,0,0,0,0,0,0,0,0,0,0,0,0,0,0,92,0,0,0,0,0,0,59,
11,0,0,0,0,0,0,0,0,0,0,0,0,0,0,0,0,0,0,0,0,0,0,0,0,0,0,0,0,0,0,0,0,0,0,0,0,0,0,0,0,0,92,0,0,0,0,0,0,59,
11,0,0,0,0,0,0,0,0,0,0,0,0,0,0,11,0,0,0,0,0,0,0,0,0,0,0,0,0,0,0,11,35,35,0,0,0,0,0,0,0,0,92,0,0,0,0,0,0,11,
35,0,0,0,0,0,0,0,0,0,0,0,0,11,59,59,35,0,0,0,0,0,0,0,0,0,0,0,0,11,35,35,0,35,11,11,0,0,0,0,0,0,92,0,0,0,0,0,0,11,
11,0,0,0,0,0,0,0,0,0,0,0,35,59,0,0,35,11,11,0,0,0,0,0,0,0,0,0,35,11,0,0,0,0,0,35,35,0,0,0,0,0,92,0,0,0,0,0,0,11,
35,0,0,0,0,0,0,0,0,0,0,0,0,0,0,0,0,0,0,0,0,0,0,0,0,0,0,0,0,0,0,0,0,0,0,0,0,0,0,0,0,0,92,0,0,0,0,0,0,59,
35,0,0,0,0,0,0,0,0,0,0,0,0,0,0,0,0,0,0,0,0,0,0,0,0,0,0,0,0,0,0,0,0,0,0,0,0,0,0,0,0,0,35,35,0,0,0,0,0,11,
35,0,0,0,0,0,0,0,35,35,0,0,0,0,0,0,0,0,0,0,0,0,0,0,0,0,0,0,0,0,0,0,0,0,0,0,0,0,0,0,11,59,11,0,0,0,0,0,0,35,
35,0,0,0,0,0,0,0,0,35,35,11,0,0,0,0,0,0,0,0,0,0,0,0,0,0,0,0,0,0,0,0,0,0,0,0,0,35,11,35,11,0,0,0,0,0,0,0,0,35,
35,0,0,0,0,0,0,0,0,0,0,11,35,35,11,35,35,35,0,0,0,0,0,0,0,0,0,0,0,0,0,0,11,35,35,11,35,59,0,0,0,0,0,0,0,0,0,0,0,11,
35,0,0,0,0,0,0,0,0,0,0,0,0,0,0,0,0,59,11,35,11,11,59,11,35,35,35,11,11,11,11,11,59,0,0,0,0,0,0,0,0,0,0,0,0,0,0,0,0,59,
35,0,0,0,0,0,0,0,0,0,0,0,0,0,0,0,0,0,0,0,0,0,0,0,0,0,0,0,0,0,0,0,0,0,0,0,0,0,0,0,0,0,0,0,0,0,0,0,0,35,
59,0,0,0,0,0,0,0,0,0,0,0,0,0,0,0,0,0,0,0,0,0,0,0,0,0,0,0,0,0,0,0,0,0,0,0,0,0,0,0,0,0,0,0,0,0,0,0,0,35

[Object Layer]
# Weapons
type=Weapons
location=758,125,0,0

[Object Layer]
# Weapons
type=Weapons
location=501,619,0,0

[Object Layer]
# Enemies
type=Enemies
location=248,168,0,0

[Object Layer]
# Enemies
type=Enemies
location=153,167,0,0

[Object Layer]
# Enemies
type=Enemies
location=409,139,0,0

[Object Layer]
# Enemies
type=Enemies
location=523,138,0,0

[Object Layer]
# Enemies
type=Enemies
location=689,115,0,0

[Object Layer]
# Enemies
type=Enemies
location=633,310,0,0

[Object Layer]
# Enemies
type=Enemies
location=351,425,0,0

[Object Layer]
# Enemies
type=Enemies
location=174,476,0,0

[Object Layer]
# Enemies
type=Enemies
location=64,516,0,0

[Object Layer]
# Enemies
type=Enemies
location=219,535,0,0

[Object Layer]
# Enemies
type=Enemies
location=357,523,0,0

[Object Layer]
# Enemies
type=Enemies
location=439,521,0,0

[Object Layer]
# Enemies
type=Enemies
location=525,516,0,0

[Object Layer]
# Enemies
type=Enemies
location=650,502,0,0

[Object Layer]
# Enemies
type=Enemies
location=555,720,0,0

[Object Layer]
# Enemies
type=Enemies
location=489,725,0,0

[Object Layer]
# Enemies
type=Enemies
location=416,732,0,0

[Object Layer]
# Enemies
type=Enemies
location=354,728,0,0

[Object Layer]
# Enemies
type=Enemies
location=255,718,0,0

[Object Layer]
# Enemies
type=Enemies
location=200,715,0,0

[Object Layer]
# Enemies
type=Enemies
location=135,692,0,0

[Object Layer]
# Start
type=Start
location=64,82,0,0
