[header]
width=50
height=50
tilewidth=16
tileheight=16

[tilesets]
tileset=../dirt-tiles.png,16,16,0,0

[layer]
type=Tile Layer 1
data=
1,50,52,50,51,50,52,51,51,51,51,51,50,51,52,52,50,50,52,51,51,51,51,52,50,51,50,52,51,50,52,50,51,51,50,51,50,51,51,51,51,52,50,52,50,51,51,51,51,1,
34,0,0,0,0,0,0,0,0,0,0,0,0,0,0,0,0,0,0,0,0,0,0,0,0,0,0,0,0,0,0,0,0,0,0,0,0,0,0,0,0,0,0,0,0,0,0,0,0,61,
34,0,0,0,0,0,0,0,0,0,0,0,0,0,0,0,0,0,0,0,0,0,0,0,0,0,0,0,0,0,0,0,0,0,0,0,0,0,0,0,0,0,0,0,0,0,0,0,0,37,
34,0,0,0,0,0,0,0,0,0,0,0,0,0,0,0,0,0,0,0,0,0,0,0,0,0,0,0,0,0,0,0,0,0,0,0,0,0,0,0,0,0,0,0,0,0,0,0,0,61,
34,0,0,0,0,0,0,0,0,0,0,0,0,0,0,0,0,0,0,0,0,0,0,0,0,0,0,0,0,0,0,0,0,0,0,0,0,0,0,0,0,0,0,0,0,0,0,0,0,13,
34,0,0,147,0,0,0,0,0,0,0,0,0,0,49,51,51,52,51,50,52,50,52,52,76,0,0,0,0,0,0,0,0,0,0,0,0,0,0,0,0,0,0,0,0,0,0,0,0,13,
34,0,0,171,0,0,0,0,0,0,0,0,0,0,0,0,0,0,0,38,0,0,0,0,161,0,0,0,0,0,0,0,0,0,0,0,0,0,0,0,0,0,0,0,0,0,0,0,0,61,
34,49,52,52,52,52,52,52,52,52,52,76,0,0,0,0,0,0,0,62,0,0,0,0,161,0,0,0,0,0,0,0,0,0,0,0,0,0,0,0,0,0,0,0,0,0,0,0,0,13,
34,35,60,61,0,0,0,0,0,0,67,0,0,0,0,0,0,0,0,62,0,0,0,0,161,0,0,0,0,0,0,0,0,0,0,0,0,0,0,0,0,0,0,0,0,0,0,0,0,13,
34,60,60,61,0,0,0,0,0,0,67,0,0,0,0,0,0,0,0,62,0,0,0,0,161,0,0,0,0,0,0,0,0,0,0,0,0,0,0,0,0,0,0,0,0,0,0,0,0,13,
34,59,60,61,0,0,0,0,0,0,67,0,0,0,0,0,0,0,0,62,0,0,0,0,161,0,0,0,0,0,0,0,0,0,0,0,0,0,0,0,0,0,0,0,0,0,0,0,0,13,
34,36,36,61,0,0,0,0,0,0,67,0,0,0,0,0,0,0,0,62,0,0,0,0,161,0,0,0,0,0,0,0,0,0,0,0,0,0,0,0,0,0,0,0,0,0,0,0,0,13,
34,60,36,61,0,0,0,0,0,0,67,0,0,0,0,0,0,0,0,62,0,0,0,0,161,0,0,0,0,0,0,0,0,0,0,0,0,0,0,0,0,0,0,0,0,0,0,0,0,13,
34,0,0,0,84,59,0,0,0,0,67,0,0,0,0,0,0,0,0,62,0,0,0,0,0,0,0,0,0,0,0,0,0,0,0,0,0,0,0,0,0,0,0,0,0,0,0,0,0,61,
34,0,0,0,0,0,58,0,0,0,0,0,0,0,0,0,0,0,0,86,0,0,0,0,0,0,0,0,0,0,0,0,0,0,0,0,0,0,0,0,0,0,0,0,0,0,0,0,0,61,
34,0,0,0,0,0,0,58,35,36,59,60,36,60,59,60,36,60,35,60,59,60,35,60,60,35,35,59,35,36,35,36,60,59,59,36,36,0,0,0,0,0,0,0,0,0,0,0,0,61,
34,0,0,0,0,0,0,0,0,0,0,0,0,0,0,0,0,0,0,0,0,0,0,0,0,0,0,0,0,0,0,0,0,0,0,0,0,0,0,0,0,0,0,0,0,0,0,0,0,61,
34,0,0,0,0,0,0,0,0,0,0,0,0,0,0,0,0,0,0,0,0,0,0,0,0,0,0,0,0,0,0,0,0,0,0,0,0,0,0,0,0,0,0,0,0,0,0,0,0,61,
34,0,0,0,0,0,0,0,0,0,0,0,0,0,0,0,0,0,0,0,0,0,0,0,0,0,0,0,0,0,0,0,0,0,0,0,0,0,0,0,0,0,0,0,0,0,0,0,0,61,
34,0,0,0,0,0,0,0,0,0,0,0,0,0,0,0,0,0,0,0,0,0,0,0,0,0,0,0,0,0,0,0,0,0,0,0,0,0,0,0,0,0,0,0,0,0,0,0,59,13,
34,0,0,0,0,0,0,0,0,0,0,0,0,0,0,0,0,0,60,35,35,59,36,59,59,60,36,36,59,36,36,0,0,0,0,0,0,0,0,0,0,0,0,0,0,0,36,60,36,13,
34,0,0,0,0,0,0,0,0,0,0,0,0,0,0,0,0,0,92,38,0,67,0,0,0,0,0,0,0,0,92,0,0,0,0,0,0,0,0,0,0,0,0,0,0,36,35,0,0,37,
34,36,36,35,0,0,0,0,0,0,0,0,0,0,0,0,0,0,92,62,0,67,0,0,0,0,0,0,0,0,92,0,0,0,0,0,0,0,0,0,0,0,0,59,59,60,0,0,0,13,
34,0,0,59,59,60,0,0,0,0,0,0,0,0,0,0,0,0,92,62,0,67,0,0,0,0,0,0,0,0,92,0,0,0,0,0,0,0,0,0,0,35,36,35,0,0,0,0,0,37,
34,0,0,0,67,59,35,35,0,0,0,0,0,0,0,0,0,0,92,62,0,67,0,0,0,0,0,0,0,0,92,0,0,0,0,0,0,0,0,59,60,35,0,0,0,0,0,0,0,37,
34,0,0,0,67,0,0,36,36,36,35,0,0,0,0,0,0,0,92,86,0,67,0,0,0,0,0,0,0,0,92,0,0,0,0,0,60,36,60,35,0,0,0,0,0,0,0,0,0,37,
34,0,0,0,67,0,0,0,0,0,35,36,60,59,36,35,36,60,36,35,0,67,0,0,0,0,0,0,36,36,59,59,60,60,35,35,35,0,0,0,0,0,0,0,0,0,0,0,0,61,
34,0,0,0,67,0,0,0,0,0,0,0,0,0,0,0,0,38,0,0,0,67,0,0,0,0,0,0,67,0,0,0,0,0,0,0,0,0,0,0,0,0,0,0,0,0,0,0,0,61,
34,0,0,0,67,0,0,0,0,0,0,0,0,0,0,0,0,62,0,0,0,67,0,0,0,0,0,0,67,0,0,0,0,0,0,0,0,0,0,0,0,0,0,0,0,0,0,0,0,13,
34,0,0,0,67,0,0,0,0,0,0,0,0,0,0,0,0,62,0,0,0,67,0,0,0,0,0,0,67,0,0,0,0,0,0,0,0,0,0,0,0,0,0,0,0,0,0,0,0,13,
34,0,0,0,67,0,0,0,0,0,0,0,0,0,0,0,0,62,0,0,0,67,0,0,0,0,0,0,67,0,0,0,0,0,0,0,0,0,0,0,0,0,0,0,0,0,0,0,0,61,
34,0,0,0,67,0,0,0,0,0,0,0,0,0,0,0,0,62,0,0,0,67,0,0,0,0,0,0,67,0,0,0,0,0,0,0,0,0,0,0,0,0,0,0,0,0,0,0,0,37,
34,0,0,0,67,0,0,0,0,0,0,0,0,0,0,0,0,62,0,0,0,67,0,0,0,0,0,0,67,0,0,0,0,0,0,0,0,0,0,0,0,0,0,0,0,0,0,0,0,13,
34,0,0,0,67,0,0,0,0,0,0,0,0,0,0,0,0,62,0,0,0,67,0,0,0,0,0,0,67,0,0,0,0,0,0,0,0,0,0,0,0,0,0,0,0,0,0,0,0,61,
34,0,0,0,67,0,0,0,0,0,0,0,0,0,0,0,0,62,0,0,0,67,0,0,0,59,59,36,59,60,36,59,59,35,59,59,59,60,35,60,0,0,0,0,0,0,0,0,0,13,
34,0,0,0,67,0,0,0,0,0,0,0,0,0,0,0,0,62,0,0,0,67,0,0,0,0,0,0,0,0,0,0,0,0,0,0,0,0,0,59,60,35,35,35,35,60,59,59,36,13,
34,0,0,0,67,0,0,0,0,0,0,0,0,0,0,0,0,62,0,0,0,67,0,0,0,0,0,0,0,0,0,0,0,0,0,0,0,0,0,0,0,0,0,0,0,0,0,0,0,61,
34,0,0,0,67,0,0,0,0,0,0,0,0,0,0,0,0,86,0,0,0,67,0,0,0,0,0,0,0,0,0,0,0,0,0,0,0,0,0,0,0,0,0,0,0,0,0,0,0,13,
34,60,60,59,60,60,35,36,60,36,60,36,59,36,59,35,59,35,0,0,0,67,0,0,0,0,0,0,0,0,0,0,0,0,0,0,0,0,0,0,0,0,0,0,0,0,0,0,0,61,
34,0,0,0,0,0,0,0,0,0,0,0,0,0,0,0,0,0,0,0,0,67,0,0,0,0,0,0,0,0,0,0,0,0,0,0,0,0,0,0,0,0,0,0,0,0,0,0,0,13,
34,0,0,0,0,0,0,0,0,0,0,0,0,0,0,0,0,0,0,0,0,67,0,0,0,0,0,0,0,0,0,0,0,0,0,0,0,0,0,0,0,0,0,0,0,0,0,0,0,61,
34,0,0,0,0,0,0,0,0,0,0,0,0,0,0,0,0,0,0,0,0,67,0,0,0,0,0,0,0,0,0,0,0,0,0,0,0,0,0,0,0,0,0,0,0,0,0,0,0,61,
34,0,0,0,0,0,0,0,0,0,0,0,0,0,0,0,0,0,0,0,0,67,0,0,0,0,0,0,0,0,0,0,0,0,0,0,0,0,0,0,0,0,0,0,0,0,0,0,0,13,
34,0,0,0,0,0,0,0,0,0,0,0,0,0,0,0,0,0,0,0,0,0,0,0,0,0,0,0,0,0,0,0,0,0,0,0,0,0,0,0,0,0,0,0,0,0,0,0,0,61,
34,0,0,0,0,0,0,0,0,0,0,0,0,0,0,0,0,0,0,0,0,35,60,59,35,35,60,59,0,0,0,0,0,0,0,0,0,0,0,0,0,0,0,0,0,0,0,0,0,13,
34,0,0,0,0,0,0,0,0,0,0,0,0,0,0,60,35,36,60,59,60,36,0,0,0,0,0,0,0,0,0,0,0,0,0,0,0,0,0,0,0,0,0,0,0,0,0,0,0,13,
34,0,0,0,0,0,0,0,0,0,35,36,36,35,36,0,0,0,0,0,0,0,0,0,0,0,0,0,0,0,0,0,0,0,0,0,0,0,0,0,0,0,0,0,0,0,0,0,0,37,
34,0,0,0,0,0,0,59,35,35,59,0,0,0,0,0,0,0,0,0,0,0,0,0,0,0,0,0,0,0,0,0,0,0,0,0,0,0,0,0,0,0,0,0,0,0,0,0,0,61,
34,0,0,0,0,59,36,59,0,0,0,0,0,0,0,0,0,0,0,0,0,0,0,0,0,0,0,0,0,0,0,0,0,0,0,0,0,0,0,0,0,0,0,0,0,0,0,0,0,13,
36,59,60,60,60,59,60,60,0,0,0,0,0,59,36,36,36,35,35,60,0,0,0,35,36,59,60,35,60,60,36,36,0,0,0,0,0,0,0,0,0,0,0,60,60,59,60,36,36,37

[Object Layer]
# Start
type=Start
location=48,94,0,0

[Object Layer]
# Enemies
type=Enemies
location=196,223,0,0

[Object Layer]
# Enemies
type=Enemies
location=612,221,0,0

[Object Layer]
# Enemies
type=Enemies
location=487,222,0,0

[Object Layer]
# Enemies
type=Enemies
location=313,67,0,0

[Object Layer]
# Enemies
type=Enemies
location=521,397,0,0

[Object Layer]
# Enemies
type=Enemies
location=202,407,0,0

[Object Layer]
# Enemies
type=Enemies
location=320,304,0,0

[Object Layer]
# Enemies
type=Enemies
location=388,306,0,0

[Object Layer]
# Enemies
type=Enemies
location=455,304,0,0

[Object Layer]
# Enemies
type=Enemies
location=119,582,0,0

[Object Layer]
# Enemies
type=Enemies
location=507,526,0,0

[Object Layer]
# Enemies
type=Enemies
location=636,526,0,0

[Object Layer]
# Enemies
type=Enemies
location=705,542,0,0

[Object Layer]
# Enemies
type=Enemies
location=126,739,0,0

[Object Layer]
# Enemies
type=Enemies
location=172,727,0,0

[Object Layer]
# Enemies
type=Enemies
location=381,689,0,0

[Object Layer]
# Enemies
type=Enemies
location=441,771,0,0

[Object Layer]
# Enemies
type=Enemies
location=735,771,0,0

[Object Layer]
# Weapons
type=Weapons
location=146,110,0,0

[Object Layer]
# Weapons
type=Weapons
location=363,82,0,0

[Object Layer]
# Weapons
type=Weapons
location=359,314,0,0

[Object Layer]
# Weapons
type=Weapons
location=246,601,0,0

[Object Layer]
# Start
type=Start
location=47,96,0,0