[header]
width=50
height=50
tilewidth=16
tileheight=16

[tilesets]
tileset=../../../../dirt-tiles.png,16,16,0,0

[layer]
type=Tile Layer 1
data=
36,0,0,0,0,0,0,0,0,0,0,0,0,0,0,0,0,0,0,0,0,0,0,0,0,0,0,0,0,0,0,0,0,0,0,0,0,0,0,0,0,0,0,0,0,0,0,0,0,35,
36,0,0,0,0,0,0,0,0,0,0,0,0,0,0,0,0,0,0,0,0,0,0,0,0,0,0,0,0,0,0,0,0,0,0,0,0,0,0,0,0,0,0,0,0,0,0,0,0,12,
59,0,0,12,35,59,12,36,60,12,35,35,11,59,36,35,35,36,59,35,11,60,12,59,12,60,35,59,36,35,35,60,12,36,36,59,60,60,11,59,11,11,59,12,36,36,12,12,0,12,
11,0,0,0,0,0,0,0,0,0,0,0,0,0,0,0,0,0,0,0,0,0,0,0,0,0,0,0,0,0,0,0,0,0,0,0,0,0,0,92,0,0,0,0,0,0,0,0,0,60,
35,0,0,0,0,0,0,0,0,0,0,0,0,0,0,0,0,0,0,0,0,0,0,0,0,0,0,0,0,0,0,0,0,0,0,0,0,0,0,92,0,0,0,0,0,0,0,0,0,11,
12,0,0,0,0,0,0,0,0,0,0,0,0,0,0,0,21,22,23,24,0,0,0,0,0,0,0,0,0,0,0,0,0,0,0,0,0,0,0,92,0,0,0,0,0,0,0,0,0,12,
35,0,0,0,0,0,0,0,0,0,0,0,0,0,0,0,45,46,47,48,0,0,0,0,0,0,0,0,0,0,0,0,0,0,0,0,0,0,0,92,0,0,0,0,0,0,0,0,0,36,
59,0,0,0,0,0,0,0,0,0,0,0,0,0,0,0,69,70,71,72,0,0,0,0,0,0,0,0,0,0,0,0,0,0,0,0,0,0,0,92,0,0,0,0,0,0,0,0,0,12,
12,0,0,0,0,0,0,0,0,0,0,0,0,0,0,0,93,94,95,96,0,0,0,0,0,0,0,0,0,0,0,0,0,0,0,0,0,0,0,92,0,0,0,0,0,0,0,0,0,35,
36,0,0,0,0,0,0,0,0,0,0,0,0,0,0,0,117,118,119,120,0,0,0,0,0,0,0,0,0,0,0,0,0,0,0,0,0,0,0,92,0,0,0,0,0,0,0,0,0,60,
60,0,0,0,0,0,0,0,0,0,0,0,0,0,0,0,141,142,143,144,0,0,0,0,0,0,0,0,0,0,0,0,0,0,0,0,0,0,0,92,0,0,0,0,0,0,0,0,0,60,
11,0,0,0,0,0,0,0,0,0,0,0,0,0,0,0,165,166,167,168,0,0,0,0,0,0,0,0,0,0,0,0,0,0,0,0,0,0,0,92,0,0,0,0,0,0,0,0,0,60,
36,0,0,0,0,0,0,0,0,0,0,0,0,0,0,0,60,36,36,59,12,59,60,12,60,11,35,59,36,36,11,12,60,12,12,36,59,36,59,59,36,11,11,0,0,0,0,0,0,59,
60,0,0,0,0,0,0,0,0,0,0,0,0,0,0,0,0,0,0,0,0,0,0,0,0,0,0,161,0,0,0,0,0,0,0,0,0,0,0,0,0,0,0,0,0,0,0,0,0,12,
36,0,0,0,0,0,0,0,0,0,0,0,0,0,0,0,0,0,0,0,0,0,0,0,0,0,0,161,0,0,0,0,0,0,0,0,0,0,0,0,0,0,0,0,0,0,0,0,0,59,
36,0,0,0,0,0,0,0,0,0,0,0,0,0,0,0,0,0,0,0,0,0,0,0,0,0,0,161,0,0,0,0,0,0,0,0,0,0,0,0,0,0,0,0,0,0,0,0,0,59,
12,0,0,0,0,0,0,0,0,0,0,0,0,0,0,0,0,0,0,0,0,0,0,0,0,0,0,161,0,0,0,0,0,0,0,0,0,0,0,0,0,0,0,0,0,0,0,0,0,11,
12,0,0,0,0,0,0,0,0,0,0,0,0,0,0,0,0,0,0,0,0,0,0,0,0,0,0,161,0,0,0,0,0,0,0,0,0,0,0,0,0,0,0,0,0,0,0,0,0,12,
35,0,0,0,0,0,0,0,0,0,0,0,0,0,0,0,0,0,0,0,0,0,0,0,0,0,0,161,0,0,0,0,0,0,0,0,0,0,0,0,0,0,0,0,0,0,0,0,0,60,
60,0,0,0,0,0,0,0,0,0,0,0,0,0,0,0,0,0,0,0,0,0,0,0,0,0,0,161,0,0,0,0,0,0,0,0,0,0,0,0,0,0,0,0,0,0,0,0,0,36,
35,0,0,0,0,0,0,0,0,0,0,0,0,0,0,0,0,0,0,0,0,0,0,0,0,0,0,161,0,0,0,0,0,0,0,0,0,0,0,0,0,0,0,0,0,0,0,0,0,36,
35,0,0,0,0,0,0,0,0,0,0,0,0,0,0,0,0,0,0,0,0,0,0,0,0,0,0,161,0,0,0,0,0,0,0,0,0,0,0,0,0,0,0,0,0,0,0,0,0,59,
35,0,0,0,0,0,0,0,0,0,0,0,0,0,0,0,0,0,0,0,0,0,0,0,0,0,0,161,0,0,0,0,0,0,0,0,0,0,0,0,0,0,0,0,0,0,0,0,0,59,
59,0,0,0,0,0,0,0,0,0,0,0,0,0,0,0,0,0,0,0,0,0,0,0,0,0,0,161,0,0,0,0,0,0,0,0,0,0,0,0,0,0,0,0,0,0,0,0,0,60,
12,0,0,0,0,0,0,0,0,0,0,0,0,0,0,0,0,0,0,0,0,0,0,0,36,59,36,59,60,60,0,0,0,0,0,0,0,0,0,0,0,0,0,0,0,0,0,0,0,35,
11,0,0,0,0,0,0,0,0,0,0,0,0,0,0,0,0,0,0,0,0,0,0,0,0,0,0,0,0,0,0,0,0,0,0,0,0,0,0,0,0,0,0,0,0,0,0,0,0,35,
12,0,0,0,0,0,0,0,0,0,0,0,0,0,0,0,0,0,0,0,0,0,0,0,0,0,0,0,0,0,0,0,0,0,0,0,0,0,0,0,0,0,0,0,0,0,0,0,0,60,
59,0,0,0,0,0,0,0,0,0,0,0,0,0,0,0,0,0,0,0,60,36,36,36,0,0,0,0,0,0,36,60,12,36,36,0,0,0,0,0,0,0,0,0,0,0,0,0,0,35,
11,0,0,0,0,0,0,0,0,0,0,0,0,0,0,0,0,0,0,0,0,0,0,0,0,0,0,0,0,0,0,0,0,0,0,0,0,0,0,0,0,0,0,0,0,0,0,0,0,12,
12,0,0,0,0,0,0,0,0,0,0,0,0,0,0,0,0,0,0,0,0,0,0,0,0,0,0,0,0,0,0,0,0,0,0,0,0,0,0,0,0,0,0,0,0,0,0,0,0,59,
35,0,0,0,0,0,0,0,0,0,0,0,0,0,12,12,60,59,59,59,0,0,0,0,35,35,36,11,12,12,0,0,0,0,0,59,12,36,12,12,0,0,0,0,0,0,0,0,0,59,
35,0,0,0,0,0,0,0,0,0,0,0,0,0,0,0,0,0,0,0,0,0,0,0,0,0,0,0,0,0,0,0,0,0,0,0,0,0,0,0,0,0,0,0,0,0,0,0,0,59,
59,0,0,0,0,0,0,0,0,0,0,0,0,0,0,0,0,0,0,0,0,0,0,0,0,0,0,0,0,0,0,0,0,0,0,0,0,0,0,0,0,0,0,0,0,0,0,0,0,36,
35,0,0,0,0,0,0,0,0,0,11,12,11,11,0,0,0,0,0,0,36,12,36,36,0,0,0,0,0,0,60,60,35,35,35,0,0,0,0,0,11,11,12,59,59,0,0,0,0,59,
11,50,50,51,52,52,50,52,50,51,50,52,51,51,51,52,50,50,52,50,52,51,52,51,51,52,52,50,52,52,52,51,51,51,51,52,52,52,52,51,51,52,52,51,50,50,52,51,50,59,
59,0,0,0,0,0,0,92,0,0,0,0,38,0,0,0,92,0,0,0,0,0,38,0,0,0,92,0,0,0,0,0,38,0,0,0,0,92,0,0,0,0,38,0,0,0,92,0,0,11,
12,0,0,0,0,0,0,92,0,0,0,0,62,0,0,0,92,0,0,0,0,0,62,0,0,0,92,0,0,0,0,0,62,0,0,0,0,92,0,0,0,0,62,0,0,0,92,0,0,36,
60,0,0,0,0,0,0,92,0,0,0,0,62,0,0,0,92,0,0,0,0,0,62,0,0,0,92,0,0,0,0,0,62,0,0,0,0,92,0,0,0,0,62,0,0,0,92,0,0,60,
12,0,0,0,0,0,0,92,0,0,0,0,62,0,0,0,92,0,0,0,0,0,62,0,0,0,92,0,0,0,0,0,62,0,0,0,0,92,0,0,0,0,62,0,0,0,92,0,0,35,
35,0,0,0,0,0,0,92,0,0,0,0,62,0,0,0,92,0,0,0,0,0,62,0,0,0,92,0,0,0,0,0,62,0,0,0,0,92,0,0,0,0,62,0,0,0,92,0,0,35,
35,0,0,0,0,0,0,92,0,0,0,0,62,0,0,0,92,0,0,0,0,0,62,0,0,0,92,0,0,0,0,0,62,0,0,0,0,92,0,0,0,0,62,0,0,0,92,0,0,12,
35,0,0,0,0,0,0,92,0,0,0,0,62,0,0,0,92,0,0,0,0,0,62,0,0,0,92,0,0,0,0,0,62,0,0,0,0,92,0,0,0,0,62,0,0,0,92,0,0,59,
59,0,0,0,0,0,0,92,0,0,0,0,62,0,0,0,92,0,0,0,0,0,62,0,0,0,92,0,0,0,0,0,62,0,0,0,0,92,0,0,0,0,62,0,0,0,92,0,0,36,
12,0,0,0,0,0,0,92,0,0,0,0,62,0,0,0,92,0,0,0,0,0,62,0,0,0,92,0,0,0,0,0,62,0,0,0,0,92,0,0,0,0,62,0,0,0,92,0,0,12,
60,0,0,0,0,0,0,92,0,0,0,0,62,0,0,0,92,0,0,0,0,0,62,0,0,0,92,0,0,0,0,0,62,0,0,0,0,92,0,0,0,0,62,0,0,0,92,0,0,36,
59,0,0,0,0,0,0,92,0,0,0,0,62,0,0,0,92,0,0,0,0,0,62,0,0,0,92,0,0,0,0,0,62,0,0,0,0,92,0,0,0,0,62,0,0,0,92,0,0,59,
36,0,0,0,0,0,0,92,0,0,0,0,62,0,0,0,92,0,0,0,0,0,62,0,0,0,92,0,0,0,0,0,62,0,0,0,0,92,0,0,0,0,62,0,0,0,92,0,0,11,
12,0,0,0,0,0,0,92,0,0,0,0,62,0,0,0,92,0,0,0,0,0,62,0,0,0,92,0,0,0,0,0,62,0,0,0,0,92,0,0,0,0,62,0,0,0,92,0,0,60,
59,0,0,0,0,50,50,50,50,50,0,0,86,0,51,51,50,51,51,51,0,0,86,0,0,0,50,50,52,52,0,0,86,0,0,0,0,52,52,52,0,0,86,0,0,0,92,0,0,12,
11,52,5,53,51,54,51,54,54,50,54,51,53,54,5,5,50,51,5,50,54,52,54,50,50,50,5,5,51,5,5,51,52,50,51,53,50,54,51,53,51,50,50,5,52,51,54,51,51,12

[Object Layer]
# Start
type=Start
location=724,765,0,0

