[header]
width=50
height=50
tilewidth=16
tileheight=16

[tilesets]
tileset=../../Dropbox/Game Programming/dirt-tiles.png,16,16,0,0

[layer]
type=Tile Layer 1
data=
34,51,5,50,5,52,51,5,5,52,51,50,5,52,50,52,50,50,50,5,50,5,51,52,50,5,50,5,51,52,52,52,52,5,50,52,52,52,51,5,52,50,51,50,52,51,5,52,51,5,
34,0,0,0,0,0,0,0,0,0,0,42,0,0,0,0,0,0,0,0,0,0,0,0,0,0,0,0,0,0,0,0,0,0,0,0,0,0,0,0,0,0,0,0,0,0,0,0,0,0,
34,0,0,0,0,0,0,0,0,0,0,42,0,0,0,0,0,0,0,0,0,0,0,0,0,0,0,0,0,0,0,0,0,0,0,0,0,0,0,0,0,0,0,0,0,0,0,0,0,0,
34,0,0,0,0,0,0,0,0,0,0,42,0,0,0,0,0,0,0,0,0,0,0,0,0,0,0,0,0,0,0,0,0,0,0,11,11,11,60,60,59,12,59,12,12,60,12,36,35,59,
34,0,0,0,0,0,0,0,0,0,0,42,0,0,0,0,0,0,0,0,0,0,0,0,0,0,0,0,0,0,0,0,0,0,0,0,0,0,0,0,0,0,0,0,0,0,0,0,0,0,
34,0,0,0,0,0,0,0,0,0,0,42,0,0,0,0,0,0,0,0,0,0,0,0,0,0,0,0,0,0,0,0,0,0,0,0,0,0,0,0,0,0,0,0,0,0,0,0,0,0,
34,0,0,0,0,0,0,0,0,0,0,42,0,0,0,0,0,0,0,0,0,60,36,35,59,11,59,11,35,60,36,59,0,0,0,0,0,0,0,0,0,0,0,0,0,0,0,0,0,0,
34,0,0,0,0,0,0,0,0,0,0,42,36,36,60,12,35,11,36,12,35,36,0,0,0,0,0,0,0,0,0,0,0,0,0,0,0,0,0,0,0,0,0,0,0,0,0,0,0,0,
34,0,0,0,0,0,0,0,0,0,0,42,67,0,0,0,0,0,0,0,0,0,0,0,0,0,0,0,0,0,0,0,0,0,0,0,0,0,0,0,0,0,0,0,0,0,0,0,0,0,
34,6,0,0,0,0,0,0,0,0,0,42,67,0,0,0,0,0,0,0,0,0,0,0,0,0,0,0,0,0,0,0,0,0,12,12,35,60,12,59,60,35,12,35,12,11,36,36,12,12,
34,92,0,0,0,0,0,0,0,0,0,42,67,0,0,0,0,0,0,0,0,0,0,0,0,0,0,0,0,0,0,0,0,0,0,0,0,0,0,0,0,0,0,0,0,0,0,0,0,0,
34,92,0,0,0,0,0,0,0,0,0,42,67,0,0,0,0,0,0,0,0,0,0,0,0,0,0,0,0,0,0,0,0,0,0,0,0,0,0,0,0,0,0,0,0,0,0,0,0,0,
34,92,0,0,0,0,0,0,0,0,0,67,67,0,0,0,0,0,0,0,0,0,0,0,0,0,0,0,0,0,0,0,0,0,0,0,0,0,0,0,0,0,0,0,0,0,0,0,0,0,
34,92,0,0,0,0,0,0,0,0,0,67,67,0,0,0,0,0,0,0,0,0,0,0,0,0,0,0,0,0,0,0,0,0,0,0,0,0,0,0,0,0,0,0,0,0,0,0,0,0,
34,92,0,0,0,0,0,0,0,0,0,67,67,0,0,0,0,0,0,0,12,12,35,35,35,35,35,0,0,0,0,0,0,0,0,0,0,0,0,0,0,0,0,0,0,0,0,0,0,0,
34,92,35,60,11,11,35,59,35,35,11,60,59,11,11,35,36,11,35,36,59,59,60,60,0,0,0,0,0,60,36,0,0,0,0,0,0,0,0,0,0,0,0,0,0,0,0,0,0,0,
34,92,0,0,0,92,38,0,0,0,0,0,0,0,0,0,0,0,0,0,0,0,0,0,0,0,0,0,60,12,0,0,0,0,0,0,0,0,0,0,0,0,0,0,0,0,0,0,0,0,
34,92,0,0,0,92,62,0,0,0,0,0,0,0,0,0,0,0,0,0,0,0,0,0,0,0,0,60,12,0,0,0,0,0,0,0,0,0,0,12,0,0,0,0,0,0,35,0,0,0,
34,92,0,0,0,92,62,0,0,0,0,0,0,0,0,0,0,0,0,0,0,0,0,0,0,0,12,59,0,0,0,0,0,0,0,0,0,0,0,0,0,0,0,0,0,0,0,0,0,0,
34,92,0,0,0,92,62,0,0,0,0,0,0,0,0,0,0,0,0,0,0,0,0,0,0,11,59,12,0,0,0,0,0,0,0,0,0,0,0,0,0,0,0,0,0,0,0,0,0,0,
34,92,0,0,0,92,62,0,0,0,0,0,0,0,0,0,0,0,0,0,0,0,0,0,60,11,59,0,0,0,0,0,0,0,0,0,59,59,0,0,0,0,0,0,0,0,36,60,35,0,
34,92,0,0,0,92,62,0,0,0,0,0,0,0,0,0,0,0,0,0,0,0,0,35,12,35,0,0,0,0,0,0,0,0,0,0,0,36,11,36,59,0,0,0,0,11,35,0,0,0,
34,92,0,0,0,92,62,0,0,0,0,0,0,0,0,0,0,0,0,0,0,0,35,35,0,0,0,0,0,0,0,0,0,0,0,0,0,0,0,0,36,11,59,35,59,11,0,0,0,0,
34,0,0,0,0,92,62,0,0,0,0,0,0,0,0,0,0,0,0,0,0,12,12,0,0,0,0,0,0,0,0,0,0,0,0,0,0,0,0,0,0,0,0,0,0,0,0,0,0,0,
34,35,36,11,11,92,62,0,0,14,0,0,0,0,0,0,0,0,0,59,59,11,0,0,0,0,0,0,0,0,0,0,0,0,0,0,0,0,0,0,0,0,0,0,0,0,0,0,0,0,
34,92,0,0,0,92,62,0,0,42,0,0,0,0,0,0,0,0,12,11,0,0,0,0,0,0,0,0,0,0,0,0,0,0,0,0,0,0,0,0,0,0,0,0,0,0,0,0,0,0,
34,92,0,0,0,92,62,0,0,42,0,0,0,0,0,0,35,36,35,0,0,0,0,0,0,0,0,0,0,0,0,0,0,0,0,0,0,0,0,0,0,0,0,0,0,0,0,0,0,0,
34,92,0,0,0,92,62,0,0,42,0,0,0,0,0,11,36,0,0,0,0,0,0,0,0,0,0,0,0,0,0,0,0,0,0,0,0,0,0,0,0,0,0,0,0,0,0,0,0,0,
34,92,0,0,0,92,62,0,0,42,0,0,0,12,12,35,0,0,0,0,0,0,0,0,0,0,0,0,0,0,0,0,0,0,0,0,0,0,0,0,0,0,0,0,0,0,0,0,0,0,
34,92,0,0,0,0,62,0,0,42,0,0,60,36,0,0,0,0,0,0,0,0,0,0,0,0,0,0,0,0,0,0,0,0,0,0,0,0,0,0,0,0,0,0,0,0,0,0,0,0,
34,92,12,12,36,60,62,0,0,42,0,35,35,0,0,0,0,0,0,0,0,0,0,0,0,0,0,0,0,0,0,0,0,0,0,0,0,0,0,0,0,0,0,0,0,0,0,0,0,0,
34,92,0,0,0,92,62,0,0,42,12,59,0,0,0,0,0,0,0,0,0,0,0,0,0,0,0,0,0,0,0,36,59,36,11,11,59,60,12,60,12,35,11,12,36,59,36,36,0,0,
34,92,0,0,0,92,62,0,0,42,60,0,0,0,0,0,0,0,0,0,0,0,59,59,36,35,11,36,35,59,35,12,0,0,0,0,0,0,0,0,0,0,0,0,0,0,0,0,0,0,
34,92,0,0,0,92,62,0,0,42,0,0,0,0,0,0,0,0,0,0,0,0,0,0,0,0,0,0,0,0,0,0,0,0,0,0,0,0,0,0,0,0,0,0,0,0,0,0,0,0,
34,92,0,0,0,92,62,0,0,42,0,0,0,0,0,0,0,0,0,0,0,0,0,0,0,0,0,0,0,0,0,0,0,0,0,0,0,0,0,0,0,0,0,0,0,0,0,0,0,0,
34,0,0,0,0,92,62,59,0,0,0,0,0,0,0,0,0,0,0,0,0,0,0,0,0,0,0,0,0,0,0,0,0,0,0,0,0,0,0,0,0,0,0,0,0,0,0,0,0,0,
34,12,12,12,11,92,62,36,60,0,0,0,0,0,0,0,0,0,0,0,0,0,0,0,0,0,0,0,0,0,0,0,0,0,0,0,0,0,0,0,0,0,0,0,0,0,0,0,0,0,
34,92,0,0,0,92,62,0,0,35,36,35,36,59,0,0,0,0,0,0,0,0,0,0,0,0,0,0,0,0,0,0,0,0,0,0,0,0,0,0,0,0,0,0,0,0,0,0,0,0,
34,92,0,0,0,92,62,0,0,0,0,0,0,60,60,11,59,36,0,0,0,0,0,0,0,0,0,0,0,0,0,0,0,0,0,0,0,0,0,0,0,0,0,0,0,0,0,0,0,0,
34,92,0,0,0,92,62,0,0,0,0,0,0,0,0,0,0,11,60,59,12,60,59,59,36,12,0,0,0,0,0,0,0,0,0,0,0,0,0,0,0,0,0,0,0,0,0,0,0,0,
34,92,0,0,0,92,62,0,0,0,0,0,0,0,0,0,0,0,0,0,0,0,67,0,0,11,36,11,59,60,59,12,12,36,60,59,35,35,0,0,0,0,0,0,0,0,0,0,0,0,
34,92,0,0,0,0,62,0,0,0,0,0,0,0,0,0,0,0,0,0,0,0,67,0,0,0,0,0,0,0,0,0,0,0,0,0,0,60,0,0,0,0,0,0,0,0,0,0,0,0,
34,92,59,59,12,12,62,0,0,0,0,0,0,0,0,0,0,0,0,0,0,0,67,0,0,0,0,0,0,0,0,0,0,0,0,0,0,11,0,0,0,0,0,0,0,0,0,0,0,0,
34,92,0,0,0,0,62,0,0,0,0,0,0,0,0,0,0,0,0,0,0,0,67,0,0,0,0,0,0,0,0,0,0,0,0,0,0,12,0,0,0,0,0,0,0,0,0,0,0,0,
34,92,0,0,0,0,62,0,0,0,0,0,0,0,0,59,59,0,0,0,0,0,67,11,11,12,36,35,60,59,0,0,0,0,0,0,0,12,0,0,0,0,0,0,0,0,0,0,0,0,
34,92,0,0,0,0,62,0,0,0,0,0,233,233,11,11,35,59,0,0,0,0,67,0,0,0,0,0,0,0,12,60,59,60,0,0,0,0,0,0,0,0,0,0,0,0,0,0,0,0,
34,92,0,0,0,0,62,0,0,0,0,36,11,35,35,60,36,0,0,0,0,0,67,0,0,0,0,0,0,0,0,0,0,11,60,0,0,0,0,0,0,0,0,0,0,0,0,0,0,0,
34,92,0,0,0,0,62,0,0,0,59,59,11,11,11,0,0,0,0,0,0,0,0,0,0,0,0,0,0,0,0,0,0,0,12,35,35,35,60,11,60,35,12,35,59,0,0,0,0,0,
34,0,0,0,0,0,86,0,0,12,12,11,12,60,60,59,59,0,0,0,0,0,0,0,0,0,0,0,0,0,0,0,35,59,36,60,11,11,11,60,60,12,11,59,60,35,0,0,0,0,
34,51,51,5,5,52,52,5,51,50,51,50,52,52,50,50,50,5,5,52,50,51,51,52,5,52,52,50,5,52,50,51,52,5,52,51,52,50,50,51,50,52,50,52,52,50,5,52,52,52

[Object Layer]
# Weapons
type=Weapons
location=258,97,0,0

[Object Layer]
# Weapons
type=Weapons
location=117,769,0,0

[Object Layer]
# Enemies
type=Enemies
location=331,764,0,0

[Object Layer]
# Enemies
type=Enemies
location=391,770,0,0

[Object Layer]
# Enemies
type=Enemies
location=427,770,0,0

[Object Layer]
# Enemies
type=Enemies
location=181,722,0,0

[Object Layer]
# Enemies
type=Enemies
location=195,722,0,0

[Object Layer]
# Enemies
type=Enemies
location=244,689,0,0

[Object Layer]
# Enemies
type=Enemies
location=414,690,0,0

[Object Layer]
# Enemies
type=Enemies
location=575,732,0,0

[Object Layer]
# Enemies
type=Enemies
location=498,712,0,0

[Object Layer]
# Enemies
type=Enemies
location=460,617,0,0

[Object Layer]
# Enemies
type=Enemies
location=548,628,0,0

[Object Layer]
# Enemies
type=Enemies
location=309,607,0,0

[Object Layer]
# Enemies
type=Enemies
location=414,487,0,0

[Object Layer]
# Enemies
type=Enemies
location=445,490,0,0

[Object Layer]
# Enemies
type=Enemies
location=603,462,0,0

[Object Layer]
# Enemies
type=Enemies
location=687,463,0,0

[Object Layer]
# Enemies
type=Enemies
location=98,215,0,0

[Object Layer]
# Enemies
type=Enemies
location=241,224,0,0

[Object Layer]
# Enemies
type=Enemies
location=132,230,0,0

[Object Layer]
# Enemies
type=Enemies
location=349,76,0,0

[Object Layer]
# Enemies
type=Enemies
location=422,78,0,0

[Object Layer]
# Enemies
type=Enemies
location=626,115,0,0

[Object Layer]
# Enemies
type=Enemies
location=712,114,0,0

[Object Layer]
# Start
type=Start
location=46,747,0,0