[header]
width=50
height=50
tilewidth=16
tileheight=16

[tilesets]
tileset=../../Dropbox/Game Programming/dirt-tiles.png,16,16,0,0

[layer]
type=Tile Layer 1
data=
-2147483596,-2147483596,-2147483643,-2147483597,-2147483597,-2147483596,-2147483596,-2147483643,-2147483597,-2147483643,-2147483597,-2147483597,-2147483643,-2147483643,-2147483597,-2147483643,-2147483643,-2147483643,-2147483596,-2147483643,-2147483597,-2147483598,-2147483643,-2147483597,-2147483597,-2147483597,-2147483596,-2147483643,-2147483597,-2147483597,-2147483596,-2147483597,-2147483598,-2147483643,-2147483643,-2147483643,-2147483597,-2147483643,-2147483598,-2147483643,-2147483596,-2147483598,-2147483598,-2147483596,-2147483596,-2147483598,-2147483598,-2147483596,-2147483598,-2147483637,
0,0,0,0,0,0,0,0,0,0,0,0,0,0,0,0,0,0,0,0,0,0,0,-2147483610,0,0,0,0,0,0,-2147483556,0,0,0,0,0,0,0,0,0,0,0,0,0,0,0,0,0,0,-2147483637,
0,0,0,0,0,0,0,0,0,0,0,0,0,0,0,0,0,0,0,0,0,0,0,-2147483586,0,0,0,0,0,0,-2147483556,0,0,0,0,0,0,0,0,0,0,0,0,0,0,0,0,0,0,-2147483613,
0,0,0,0,0,0,0,0,0,0,0,0,0,0,0,0,0,0,0,0,0,0,0,-2147483586,0,0,0,0,0,0,-2147483556,0,0,0,0,0,0,0,0,0,0,0,0,0,0,0,0,0,0,-2147483637,
0,0,0,0,0,0,0,0,0,0,0,0,0,0,0,0,0,0,0,0,0,0,0,-2147483586,0,0,0,0,0,0,-2147483556,0,0,0,0,0,0,0,0,0,0,0,0,0,0,0,0,0,0,-2147483588,
0,0,0,0,0,0,0,0,0,0,0,0,0,0,0,0,0,0,0,0,0,0,0,-2147483586,0,0,0,0,0,0,-2147483556,-2147483596,-2147483598,-2147483597,-2147483643,-2147483597,-2147483643,-2147483598,-2147483596,-2147483597,-2147483597,-2147483643,-2147483643,-2147483643,-2147483596,-2147483643,-2147483597,-2147483597,-2147483597,-2147483612,
0,0,0,0,0,0,0,0,0,0,0,0,0,0,0,0,0,0,0,0,0,0,0,-2147483586,0,0,0,0,0,0,-2147483556,0,0,0,0,0,0,0,0,0,0,0,0,-2147483556,0,0,0,0,0,-2147483588,
-2147483589,-2147483636,-2147483636,-2147483637,-2147483637,-2147483588,-2147483637,-2147483612,-2147483612,0,0,0,0,0,0,0,0,0,0,0,0,0,0,-2147483586,0,0,0,0,0,0,-2147483556,0,0,0,0,0,0,0,0,0,0,0,0,-2147483556,0,0,0,0,0,-2147483637,
0,0,0,0,0,0,0,0,0,0,0,0,0,0,0,0,0,0,0,0,0,0,0,-2147483586,0,0,0,0,0,0,-2147483556,0,0,0,0,0,0,0,0,0,0,0,0,-2147483556,0,0,0,0,0,-2147483588,
0,0,0,0,0,0,0,0,0,0,0,0,0,0,0,0,0,0,0,0,0,0,0,-2147483586,0,0,0,0,0,0,0,0,0,0,0,0,0,0,0,0,0,0,0,-2147483556,0,0,0,0,0,-2147483613,
0,0,0,0,0,0,0,0,0,0,0,0,0,0,0,0,0,0,0,0,0,0,0,-2147483586,-2147483598,-2147483598,-2147483597,-2147483643,-2147483598,-2147483643,-2147483598,-2147483596,-2147483598,-2147483596,-2147483597,-2147483596,-2147483596,-2147483597,-2147483597,-2147483598,-2147483596,-2147483598,-2147483598,-2147483556,0,0,0,0,0,-2147483588,
0,0,0,0,0,0,0,0,0,0,0,0,0,0,0,0,0,0,0,0,0,0,0,-2147483586,0,0,0,0,0,0,-2147483556,0,0,0,0,0,0,0,0,0,0,0,0,-2147483556,0,0,0,0,0,-2147483588,
0,0,0,0,0,0,0,0,0,0,0,0,0,0,0,0,0,0,0,0,0,0,0,-2147483586,0,0,0,0,0,0,-2147483556,0,0,0,0,0,0,0,0,0,0,0,0,-2147483556,0,0,0,0,0,-2147483637,
0,0,0,0,0,0,0,0,0,0,0,0,0,0,0,0,0,0,0,0,0,0,0,-2147483586,0,0,0,0,0,0,-2147483556,0,0,0,0,0,0,0,0,0,0,0,0,-2147483556,0,0,0,0,0,-2147483588,
0,0,0,0,0,0,0,0,0,0,0,0,0,0,0,0,0,0,0,0,0,0,0,-2147483586,0,0,0,0,0,0,-2147483556,0,0,0,0,0,0,0,0,0,0,0,0,-2147483556,0,0,0,0,0,-2147483636,
0,0,0,0,0,0,0,0,0,0,0,0,0,0,0,0,0,0,0,0,0,0,0,-2147483586,0,0,0,0,0,0,-2147483556,0,0,0,0,0,0,0,0,0,0,0,0,0,0,0,0,0,0,-2147483612,
0,0,0,0,0,0,0,0,-2147483589,-2147483589,-2147483637,-2147483588,-2147483612,-2147483589,-2147483612,-2147483589,-2147483589,-2147483636,0,0,0,0,0,-2147483586,0,0,0,0,0,0,-2147483556,-2147483597,-2147483598,-2147483596,-2147483597,-2147483643,-2147483643,-2147483598,-2147483597,-2147483596,-2147483598,-2147483596,-2147483596,-2147483598,-2147483596,-2147483643,-2147483598,-2147483596,-2147483598,-2147483637,
0,0,0,0,0,0,0,0,0,0,0,0,0,0,0,0,0,0,0,0,0,0,0,-2147483586,0,0,0,0,0,0,-2147483556,0,0,0,0,0,0,0,0,0,0,0,0,0,-2147483556,0,0,0,0,-2147483588,
0,0,0,0,0,0,0,0,0,0,0,0,0,0,0,0,0,0,0,0,0,0,0,-2147483586,0,0,0,0,0,0,-2147483556,0,0,0,0,0,0,0,0,0,0,0,0,0,-2147483556,0,0,0,0,-2147483612,
0,0,0,0,0,0,0,0,0,0,0,0,0,0,0,0,0,0,0,0,0,0,0,-2147483586,0,0,0,0,0,0,-2147483556,0,0,0,0,0,0,0,0,0,0,0,0,0,-2147483556,0,0,0,0,-2147483612,
0,0,0,0,0,0,0,0,0,0,0,0,0,0,0,0,0,0,0,0,0,0,0,-2147483586,0,0,0,0,0,0,0,0,0,0,0,0,0,0,0,0,0,0,0,0,-2147483556,0,0,0,0,-2147483588,
0,0,0,0,0,0,0,0,0,0,0,0,0,0,0,0,0,0,0,0,0,0,0,-2147483586,-2147483596,-2147483596,-2147483598,-2147483596,-2147483596,-2147483597,-2147483596,-2147483596,-2147483596,-2147483597,-2147483598,-2147483596,-2147483643,-2147483643,-2147483598,-2147483597,-2147483598,-2147483598,-2147483596,-2147483597,-2147483556,0,0,0,0,-2147483588,
0,0,0,0,0,0,0,0,0,0,0,0,0,0,0,0,0,0,0,0,0,0,0,-2147483586,0,0,0,-2147483556,0,0,0,0,0,0,0,0,0,0,0,0,0,0,0,0,-2147483556,0,0,0,0,-2147483636,
0,0,0,0,0,0,0,0,0,0,0,0,0,0,0,0,0,0,0,0,0,0,0,-2147483586,0,0,0,-2147483556,0,0,0,0,0,0,0,0,0,0,0,0,0,0,0,0,-2147483556,0,0,0,0,-2147483637,
0,0,0,0,0,0,0,0,0,0,0,0,0,0,0,0,0,0,0,0,0,0,0,-2147483586,0,0,0,-2147483556,0,0,0,0,0,0,0,0,0,0,0,0,0,0,0,0,-2147483556,0,0,0,0,-2147483589,
0,-2147483612,-2147483612,-2147483612,-2147483636,-2147483588,-2147483637,-2147483612,-2147483613,-2147483589,0,0,0,0,0,0,0,0,0,0,0,0,0,-2147483586,0,0,0,-2147483556,0,0,0,0,0,0,0,0,0,0,0,0,0,0,0,0,0,0,0,0,0,-2147483612,
0,0,0,0,0,0,0,0,0,0,0,0,0,0,0,0,0,0,0,0,0,0,0,-2147483586,0,0,0,-2147483556,-2147483643,-2147483596,-2147483598,-2147483598,-2147483643,-2147483596,-2147483596,-2147483596,-2147483643,-2147483598,-2147483596,-2147483596,-2147483598,-2147483598,-2147483597,-2147483598,-2147483596,-2147483643,-2147483643,-2147483597,-2147483596,-2147483613,
0,0,0,0,0,0,0,0,0,0,0,0,0,0,0,0,0,0,0,0,0,0,0,-2147483586,0,0,0,-2147483556,0,0,0,0,0,0,0,0,0,0,0,0,0,0,0,0,0,-2147483556,0,0,0,-2147483636,
0,0,0,0,0,0,0,0,0,0,0,0,0,0,0,0,0,0,0,0,0,0,0,-2147483586,0,0,0,-2147483556,0,0,0,0,0,0,0,0,0,0,0,0,0,0,0,0,0,-2147483556,0,0,0,-2147483636,
0,0,0,0,0,0,0,0,0,0,0,0,0,0,0,0,0,0,0,0,0,0,0,-2147483586,0,0,0,-2147483556,0,0,0,0,0,0,0,0,0,0,0,0,0,0,0,0,0,-2147483556,0,0,0,-2147483612,
0,0,0,0,0,0,0,0,0,0,0,0,0,0,0,0,0,0,0,0,0,0,0,-2147483586,0,0,0,-2147483556,0,0,0,0,0,0,0,0,0,0,0,0,0,0,0,0,0,-2147483556,0,0,0,-2147483637,
0,0,0,0,0,0,0,0,0,0,-2147483636,0,0,0,0,0,0,0,0,0,0,-2147483636,0,-2147483586,0,0,0,0,0,0,0,0,0,0,0,0,0,0,0,0,0,0,0,0,0,-2147483556,0,0,0,-2147483636,
0,0,0,0,0,0,0,0,0,0,-2147483588,-2147483613,-2147483637,-2147483636,-2147483589,-2147483637,-2147483613,-2147483636,-2147483636,-2147483636,-2147483588,-2147483636,0,-2147483586,-2147483598,-2147483598,-2147483643,-2147483596,-2147483598,-2147483643,-2147483597,-2147483598,-2147483598,-2147483598,-2147483597,-2147483596,-2147483597,-2147483596,-2147483598,-2147483596,-2147483596,-2147483596,-2147483597,-2147483597,-2147483596,-2147483556,0,0,0,-2147483636,
0,0,0,0,0,0,0,0,0,0,0,0,0,0,0,0,0,0,0,0,0,0,0,-2147483586,0,0,0,-2147483556,0,0,0,0,0,0,0,0,0,0,0,0,0,0,0,0,0,-2147483556,0,0,0,-2147483636,
0,0,0,0,0,0,0,0,0,0,0,0,0,0,0,0,0,0,0,0,0,0,0,-2147483586,0,0,0,-2147483556,0,0,0,0,0,0,0,0,0,0,0,0,0,0,0,0,0,-2147483556,0,0,0,-2147483613,
0,0,0,0,0,0,0,0,0,0,0,0,0,0,0,0,0,0,0,0,0,0,0,-2147483586,0,0,0,-2147483556,0,0,0,0,0,0,0,0,0,0,0,0,0,0,0,0,0,-2147483556,0,0,0,-2147483613,
0,0,0,0,0,0,0,0,0,0,0,0,0,0,0,0,0,0,0,0,0,0,0,-2147483586,0,0,0,-2147483556,0,0,0,0,0,0,0,0,0,0,0,0,0,0,0,0,0,-2147483556,0,0,0,-2147483613,
0,0,0,0,0,0,0,0,0,0,0,0,0,0,0,0,0,0,0,0,0,0,0,-2147483586,0,0,0,-2147483556,0,0,0,0,0,0,0,0,0,0,0,0,0,0,0,0,0,0,0,0,0,-2147483588,
0,0,0,0,0,0,0,0,0,0,0,0,0,0,0,0,0,0,0,0,0,0,0,-2147483586,0,0,0,-2147483556,-2147483598,-2147483598,-2147483643,-2147483598,-2147483596,-2147483596,-2147483597,-2147483596,-2147483597,-2147483596,-2147483643,-2147483597,-2147483597,-2147483598,-2147483598,-2147483598,-2147483643,-2147483643,-2147483643,-2147483598,-2147483643,-2147483637,
0,0,0,0,0,0,0,0,0,0,0,0,0,0,0,0,0,0,0,0,0,0,0,-2147483586,0,0,0,-2147483556,0,0,0,0,0,0,0,0,0,0,0,0,0,0,0,0,0,0,-2147483556,0,0,-2147483612,
0,0,0,0,0,0,-2147483613,0,0,0,0,0,0,0,-2147483588,0,0,0,0,0,-2147483589,0,0,-2147483586,0,0,0,-2147483556,0,0,0,0,0,0,0,0,0,0,0,0,0,0,0,0,0,0,-2147483556,0,0,-2147483636,
0,0,0,0,0,0,0,0,0,0,0,0,0,0,0,0,0,0,0,0,0,0,0,-2147483586,0,0,0,-2147483556,0,0,0,0,0,0,0,0,0,0,0,0,0,0,0,0,0,0,-2147483556,0,0,-2147483637,
0,0,0,-2147483624,-2147483625,-2147483626,-2147483627,0,0,0,0,0,0,0,0,0,0,0,0,0,0,0,0,-2147483586,0,0,0,-2147483556,0,0,0,0,0,0,0,0,0,0,0,0,0,0,0,0,0,0,-2147483556,0,0,-2147483613,
0,0,0,-2147483600,-2147483601,-2147483602,-2147483603,0,0,0,0,0,0,0,0,0,0,0,0,0,0,0,0,-2147483586,0,0,0,-2147483556,0,0,0,0,0,0,0,0,0,0,0,0,0,0,0,0,0,0,-2147483556,0,0,-2147483588,
0,0,0,-2147483576,-2147483577,-2147483578,-2147483579,0,0,0,0,0,0,0,0,0,0,0,0,0,0,0,0,-2147483586,0,0,0,0,0,0,0,0,0,0,0,0,0,0,0,0,0,0,0,0,0,0,-2147483556,0,0,-2147483612,
0,0,0,-2147483552,-2147483553,-2147483554,-2147483555,0,0,0,0,0,0,0,0,0,0,0,0,0,0,0,0,-2147483562,-2147483596,-2147483596,-2147483597,-2147483596,-2147483596,-2147483598,-2147483597,-2147483597,-2147483643,-2147483597,-2147483597,-2147483598,-2147483596,-2147483596,-2147483597,-2147483596,-2147483643,-2147483597,-2147483643,-2147483596,-2147483643,-2147483597,-2147483556,0,0,-2147483588,
0,0,0,-2147483528,-2147483529,-2147483530,-2147483531,0,0,0,0,0,-2147483637,0,0,0,0,0,0,0,0,0,0,0,0,0,0,0,0,0,0,0,0,0,0,0,0,0,0,0,0,0,0,0,0,0,-2147483556,0,0,-2147483637,
0,0,0,-2147483504,-2147483505,-2147483506,-2147483507,0,0,0,0,-2147483588,-2147483636,-2147483637,0,0,0,0,0,0,0,0,0,0,0,0,0,0,0,0,0,0,0,0,0,0,0,0,0,0,0,0,0,0,0,0,-2147483556,0,0,-2147483613,
0,0,0,-2147483480,-2147483481,-2147483482,-2147483483,0,0,0,-2147483589,-2147483588,-2147483588,-2147483636,-2147483589,-2147483588,-2147483589,0,0,0,0,0,0,0,0,0,0,0,0,0,0,0,0,0,0,0,0,0,0,0,0,0,0,0,0,0,0,0,0,-2147483636,
-2147483597,-2147483596,-2147483643,-2147483596,-2147483597,-2147483643,-2147483596,-2147483598,-2147483597,-2147483643,-2147483596,-2147483643,-2147483643,-2147483597,-2147483597,-2147483598,-2147483598,-2147483597,-2147483597,-2147483598,-2147483643,-2147483597,-2147483643,-2147483597,-2147483598,-2147483643,-2147483598,-2147483597,-2147483596,-2147483598,-2147483596,-2147483597,-2147483596,-2147483597,-2147483598,-2147483643,-2147483598,-2147483643,-2147483597,-2147483643,-2147483596,-2147483598,-2147483598,-2147483598,-2147483598,-2147483643,-2147483643,-2147483598,-2147483643,-2147483612

[Object Layer]
# Weapons
type=Weapons
location=37,101,0,0

[Object Layer]
# Weapons
type=Weapons
location=398,502,0,0


[Object Layer]
# Start
type=Start
location=714,45,0,0