[header]
width=50
height=50
tilewidth=16
tileheight=16

[tilesets]
tileset=../../Dropbox/Game Programming/dirt-tiles.png,16,16,0,0

[layer]
type=Tile Layer 1
data=
5,5,52,5,52,51,50,5,5,5,52,5,5,52,51,51,50,51,5,51,50,5,50,52,51,51,5,5,51,51,52,50,5,52,52,50,52,50,52,50,50,52,51,52,51,52,52,52,51,51,
0,0,0,0,0,0,0,0,0,0,0,42,0,0,0,0,0,0,0,0,42,0,0,0,0,0,0,0,0,0,0,0,0,0,0,0,0,0,0,0,0,0,0,0,0,0,0,0,0,0,
0,0,0,0,0,0,0,0,0,0,0,42,0,0,0,0,0,0,0,0,42,0,0,0,0,0,0,0,0,0,0,0,0,0,0,0,0,0,0,0,0,0,0,0,0,0,0,0,0,0,
0,0,0,0,0,0,0,0,0,35,59,42,35,59,60,36,59,12,36,11,42,11,0,0,0,0,0,0,0,0,0,0,0,0,0,0,0,0,0,0,0,0,0,0,0,0,0,0,0,0,
0,0,0,0,0,0,0,0,0,0,0,42,0,0,0,0,0,0,0,0,42,0,0,0,0,0,0,0,0,0,0,0,0,0,0,0,0,0,0,0,0,0,0,0,0,0,0,0,0,0,
0,0,0,0,0,0,0,0,0,0,0,42,0,0,0,0,0,0,0,0,42,0,0,0,0,0,0,0,0,0,0,0,0,0,0,0,0,0,0,0,0,0,0,0,0,0,0,0,0,0,
0,0,0,0,0,0,0,0,0,0,0,42,0,0,0,0,0,0,0,0,42,0,0,0,14,0,0,0,0,0,0,0,0,0,0,0,0,0,0,0,0,0,0,0,0,0,0,0,0,0,
0,0,0,0,0,0,0,0,0,0,0,42,0,0,0,0,0,0,0,0,42,0,0,0,42,0,0,0,0,0,0,0,0,0,0,0,0,0,0,0,0,0,0,0,0,92,0,0,0,0,
0,0,0,0,0,0,0,0,0,0,0,42,0,0,0,0,0,0,0,0,42,0,0,0,42,0,0,0,0,0,0,0,0,0,0,0,0,0,0,0,0,0,0,0,0,92,0,0,0,0,
0,0,12,36,12,11,60,36,12,59,11,35,59,60,60,60,36,60,12,60,36,36,60,60,42,11,59,12,36,59,60,12,59,35,35,35,12,60,12,59,11,35,59,35,35,92,0,0,0,0,
0,0,0,0,0,0,0,42,0,0,0,161,0,0,0,0,0,0,42,42,0,0,0,0,67,0,0,0,0,0,0,0,0,0,0,0,0,0,0,0,0,0,0,0,0,92,0,0,0,0,
0,0,0,0,0,0,0,42,0,0,0,161,0,0,0,0,0,0,0,42,0,0,0,0,67,0,0,0,0,0,0,0,0,0,0,0,0,0,0,0,0,0,0,0,0,92,0,0,0,0,
0,0,0,0,0,0,0,42,0,0,0,161,0,0,0,0,0,0,0,42,0,0,0,0,67,0,0,0,0,0,0,0,0,0,0,0,0,0,0,0,0,0,0,0,0,92,0,0,0,0,
0,0,0,0,0,0,0,42,0,0,0,161,0,0,0,0,0,0,0,42,0,0,0,0,67,0,0,0,0,0,0,0,0,0,0,0,0,0,0,0,0,0,0,0,0,92,0,0,0,0,
0,0,0,0,0,0,0,42,0,0,0,161,0,0,0,0,0,0,0,42,0,0,0,0,67,0,0,0,0,35,12,35,60,35,36,12,35,59,59,11,11,0,0,0,0,92,0,0,0,0,
0,0,0,0,0,0,0,42,0,0,0,161,0,0,0,0,0,0,0,42,0,0,0,0,67,0,0,0,0,0,0,0,0,0,0,67,67,0,0,0,0,0,0,0,0,92,0,0,0,0,
0,0,0,0,0,0,0,42,0,0,0,0,0,0,0,0,0,0,0,0,0,0,0,0,67,0,0,0,0,0,0,0,0,0,0,67,67,0,0,0,0,0,0,0,0,92,0,0,0,0,
0,0,0,0,0,0,0,42,0,0,59,12,59,60,36,36,60,35,12,12,59,60,12,12,36,36,0,0,0,0,0,0,0,0,0,67,67,0,0,0,0,0,0,0,0,92,0,0,0,0,
0,0,0,0,0,0,0,42,0,0,0,0,0,0,0,0,67,0,0,0,0,0,0,0,0,0,0,0,0,0,0,0,0,0,0,67,67,0,0,0,0,0,0,0,0,92,0,0,0,0,
0,0,0,0,0,0,0,42,0,0,0,0,0,0,0,0,67,0,0,0,0,0,0,0,0,0,0,0,0,0,0,0,0,0,0,67,67,0,0,0,14,0,0,14,0,92,0,0,0,0,
0,0,0,0,0,0,0,42,0,0,0,0,0,0,0,0,67,0,0,0,0,0,0,0,0,0,0,0,0,0,0,0,0,0,0,67,0,0,0,0,42,0,0,42,0,92,14,0,0,0,
0,0,0,0,0,0,0,42,0,0,0,0,0,0,0,0,67,0,0,0,0,0,0,0,0,0,0,0,0,0,0,0,0,0,0,67,0,0,0,0,42,0,0,42,0,0,42,0,0,0,
0,0,0,0,0,0,0,42,0,0,0,0,0,0,0,0,67,0,0,0,0,0,0,0,0,0,0,0,0,0,0,0,0,0,0,59,35,12,11,11,42,36,36,42,11,11,42,60,60,0,
0,0,0,14,0,0,0,42,0,0,0,0,0,0,0,0,67,0,0,0,0,59,60,12,11,35,59,35,35,35,0,0,0,0,0,0,0,0,0,0,42,0,0,42,0,0,42,0,0,0,
0,0,0,161,0,0,0,42,0,0,0,0,0,0,0,0,67,0,0,0,0,0,0,42,0,0,0,0,92,0,0,0,0,0,0,0,0,0,0,0,42,0,0,42,0,0,42,0,0,0,
0,0,0,161,0,0,0,0,0,0,0,0,0,0,0,0,0,0,0,0,0,0,0,42,0,0,0,0,92,0,0,0,0,0,0,0,0,0,0,0,42,0,0,42,0,0,42,0,0,0,
0,0,12,161,36,35,36,35,11,35,12,60,59,59,0,0,0,0,0,0,0,0,0,42,0,0,0,0,92,0,0,0,0,0,0,0,0,0,0,0,42,0,0,42,0,0,42,0,0,0,
0,0,0,161,0,0,0,0,0,0,0,0,0,67,0,0,0,0,0,0,0,0,0,42,0,0,0,0,92,0,0,0,0,0,0,0,0,0,0,0,42,0,0,42,0,0,42,0,0,0,
0,0,0,161,0,0,0,0,0,0,0,0,0,67,0,0,0,0,0,0,0,0,0,42,0,0,0,0,92,0,0,0,0,0,0,0,0,0,0,0,42,0,0,42,0,0,42,0,0,0,
0,0,0,161,0,0,0,0,0,0,0,0,0,67,0,0,0,0,0,0,0,0,0,42,0,0,0,0,92,0,0,0,0,0,0,0,0,0,0,0,42,0,0,42,0,0,42,0,0,0,
0,0,0,161,0,0,0,0,0,0,0,0,0,67,0,0,0,0,36,59,36,11,59,12,60,36,36,59,59,36,36,60,11,36,36,0,0,0,0,0,42,0,0,42,0,0,42,0,0,0,
0,0,0,161,0,0,0,0,0,14,0,0,0,67,0,0,0,0,0,0,0,67,0,0,0,42,0,0,0,0,0,42,0,0,42,0,0,0,0,0,0,0,0,42,0,0,0,0,0,0,
0,0,0,161,0,0,0,0,0,92,0,0,0,67,0,0,0,0,0,0,0,67,0,0,0,42,0,0,0,0,0,42,0,0,42,0,0,0,0,0,0,0,0,42,0,0,0,0,0,0,
0,0,0,161,0,0,0,0,0,92,0,0,0,67,0,0,0,0,0,0,0,67,0,161,0,42,0,0,0,0,0,42,0,0,42,0,0,0,0,0,0,0,0,42,0,0,0,0,0,0,
0,0,0,161,0,0,11,12,11,92,60,11,59,11,35,35,0,0,0,0,0,67,0,161,0,42,0,0,0,0,0,42,0,0,42,0,0,0,0,0,0,0,0,42,0,0,0,0,0,0,
0,0,0,161,0,0,0,0,0,92,0,0,0,0,0,0,0,0,0,0,59,60,36,161,12,60,59,36,59,59,0,42,0,0,42,0,0,0,0,0,0,0,0,42,0,0,0,0,0,0,
0,0,0,161,0,0,0,0,0,92,0,0,0,0,0,0,0,0,0,0,0,0,0,161,0,0,0,0,0,0,0,0,0,0,42,0,0,0,0,0,0,0,0,42,0,0,0,0,0,0,
0,0,0,161,0,0,0,0,0,92,0,0,0,0,0,0,0,14,0,0,0,0,0,161,0,0,0,0,0,0,0,0,0,0,42,0,0,0,0,0,0,0,0,42,0,0,0,0,0,0,
0,0,0,161,0,0,0,0,0,92,0,0,0,0,0,0,0,42,0,0,0,0,0,161,0,0,0,0,0,0,0,0,0,0,42,0,0,0,0,0,0,0,0,0,0,0,42,0,0,0,
0,0,0,161,0,0,0,0,0,92,0,0,0,0,0,0,0,42,0,0,0,0,0,161,0,0,0,0,0,0,0,0,0,0,42,0,0,0,35,35,36,35,35,60,12,60,42,0,0,0,
0,0,0,0,0,0,0,14,0,92,0,0,0,0,0,0,0,42,0,0,0,0,0,161,0,0,0,0,0,0,0,0,0,0,42,0,0,0,0,0,0,0,0,0,0,0,42,0,0,0,
0,0,0,0,0,0,0,92,0,92,0,0,0,0,12,59,12,42,12,35,35,0,0,161,0,0,0,0,0,0,0,0,0,0,42,0,0,0,0,0,0,0,0,0,0,0,42,0,0,0,
0,0,0,0,0,0,0,92,0,92,0,0,0,0,0,0,0,42,0,0,0,0,0,161,0,0,0,0,0,0,0,0,0,0,0,0,0,42,0,0,0,0,0,0,0,0,42,0,0,0,
0,11,60,60,12,60,36,92,0,92,0,0,0,0,0,0,0,42,0,0,0,0,0,161,0,0,0,0,0,60,36,12,60,12,12,36,11,42,0,0,0,0,0,0,0,0,42,0,0,0,
0,0,0,0,0,0,0,92,0,92,0,0,0,0,0,0,0,42,0,0,0,0,0,161,0,0,0,0,0,0,0,161,0,0,0,0,0,42,0,0,0,0,0,0,0,0,42,0,0,0,
0,0,0,0,0,0,0,92,0,92,0,0,0,0,0,0,0,42,0,0,0,0,0,161,0,0,0,0,0,0,0,161,0,0,0,0,0,42,0,0,0,0,0,0,0,0,42,0,0,0,
0,0,0,0,0,0,0,92,0,92,0,0,0,0,0,0,0,42,0,0,0,0,0,161,0,0,0,0,0,0,0,161,0,0,0,0,0,42,0,0,0,0,0,0,0,0,42,0,0,0,
0,0,0,0,0,0,0,92,0,92,0,0,0,0,0,0,0,42,0,0,0,0,0,161,0,0,0,0,0,0,0,161,0,0,0,0,0,42,0,0,0,0,0,0,0,0,42,0,0,0,
0,0,0,0,0,0,0,92,0,0,0,0,0,0,0,0,0,42,0,0,0,0,0,161,0,0,0,0,0,0,0,161,0,0,0,0,0,42,0,0,0,0,0,0,0,0,42,0,0,0,
5,5,50,51,50,5,5,51,52,51,51,52,51,50,5,5,50,51,5,50,52,5,50,50,50,51,51,52,5,51,51,5,5,5,52,5,50,50,52,52,50,50,52,51,51,52,51,51,50,52

[Object Layer]
# Weapons
type=Weapons
location=248,39,0,0

[Object Layer]
# Weapons
type=Weapons
location=352,356,0,0

[Object Layer]
# Enemies
type=Enemies
location=63,124,0,0

[Object Layer]
# Enemies
type=Enemies
location=143,126,0,0

[Object Layer]
# Enemies
type=Enemies
location=244,120,0,0

[Object Layer]
# Enemies
type=Enemies
location=525,115,0,0

[Object Layer]
# Enemies
type=Enemies
location=646,119,0,0

[Object Layer]
# Enemies
type=Enemies
location=234,258,0,0

[Object Layer]
# Enemies
type=Enemies
location=541,210,0,0

[Object Layer]
# Enemies
type=Enemies
location=152,403,0,0

[Object Layer]
# Enemies
type=Enemies
location=425,352,0,0

[Object Layer]
# Enemies
type=Enemies
location=413,457,0,0

[Object Layer]
# Enemies
type=Enemies
location=173,773,0,0

[Object Layer]
# Enemies
type=Enemies
location=333,774,0,0

[Object Layer]
# Enemies
type=Enemies
location=437,767,0,0

[Object Layer]
# Enemies
type=Enemies
location=516,664,0,0

[Object Layer]
# Enemies
type=Enemies
location=633,605,0,0

[Object Layer]
# Enemies
type=Enemies
location=683,768,0,0

[Object Layer]
# Enemies
type=Enemies
location=66,671,0,0

