[header]
width=50
height=50
tilewidth=16
tileheight=16

[tilesets]
tileset=../../Dropbox/Game Programming/dirt-tiles.png,16,16,0,0

[layer]
type=Tile Layer 1
data=
38,0,0,0,0,0,0,0,0,0,0,0,0,0,0,0,0,0,0,0,0,0,0,0,0,0,0,0,0,0,0,0,0,0,0,0,0,0,0,0,0,0,0,0,0,0,0,0,0,38,
62,0,0,0,0,0,0,0,0,0,0,0,209,210,0,0,0,0,0,0,0,0,0,0,0,0,0,0,0,0,0,0,0,0,0,0,0,0,0,0,0,0,0,0,0,0,0,0,0,62,
62,0,0,0,0,0,0,0,0,0,0,0,233,234,0,0,0,0,0,0,0,0,0,0,0,0,0,0,0,0,0,0,0,0,0,0,21,22,23,24,0,0,0,0,0,0,0,0,0,62,
62,0,0,0,0,0,0,0,0,0,35,59,12,35,59,60,36,59,12,36,11,11,11,0,0,0,0,0,0,0,0,0,0,0,0,0,45,46,47,48,0,0,0,0,0,0,0,0,0,62,
62,0,0,0,0,0,0,0,0,0,0,0,42,0,0,0,0,0,0,0,0,42,0,0,0,0,0,0,0,0,0,0,0,0,0,0,69,70,71,72,0,0,0,0,0,0,0,0,0,62,
62,0,0,0,0,0,0,0,0,0,0,0,42,0,0,0,0,0,0,0,0,42,0,0,0,14,0,0,0,0,0,0,0,0,0,0,93,94,95,96,0,0,0,0,0,0,0,0,0,62,
62,0,0,0,0,0,0,0,0,0,0,0,42,0,0,0,0,0,0,0,0,42,0,0,0,67,0,0,0,0,0,0,0,0,0,0,117,118,119,120,0,0,0,0,0,0,0,0,0,62,
62,0,0,0,0,0,0,0,0,0,0,0,42,0,0,0,0,0,0,0,0,42,0,0,0,67,0,0,0,0,0,0,0,0,0,0,141,142,143,144,0,0,0,0,0,0,0,0,0,62,
62,0,0,0,0,0,0,0,0,0,0,0,42,0,0,0,0,0,0,0,0,42,0,0,0,67,0,0,0,0,0,0,0,0,0,0,165,166,167,168,0,0,0,0,0,0,0,0,0,62,
62,0,0,12,36,12,11,60,36,12,59,11,35,59,60,60,60,36,60,12,60,36,36,60,60,67,11,59,12,36,59,60,12,59,35,35,35,12,60,12,59,11,35,59,35,35,35,0,0,62,
62,0,0,0,0,0,0,0,42,0,0,0,161,0,0,0,0,0,0,42,42,0,0,0,0,67,0,0,0,0,0,0,0,0,0,0,0,0,0,0,0,0,0,0,0,0,92,0,0,62,
62,0,0,0,0,0,0,0,42,0,0,0,161,0,0,0,0,0,0,0,42,0,0,0,0,67,0,0,0,0,0,0,0,0,0,0,14,0,0,0,0,0,0,0,0,0,92,0,0,62,
62,0,0,0,0,0,0,0,42,0,0,0,161,0,0,0,0,0,0,0,42,0,0,0,0,67,0,0,0,0,0,0,0,0,0,0,67,0,0,0,0,0,0,0,0,0,92,0,0,62,
62,0,0,0,0,0,0,0,42,0,0,0,161,0,0,0,0,0,0,0,42,0,0,0,0,67,0,0,0,0,0,0,0,0,0,0,67,0,0,0,0,0,0,0,0,0,92,0,0,62,
62,0,0,0,0,0,0,0,42,0,0,0,161,0,0,0,0,14,0,0,42,0,0,0,0,67,0,0,0,0,35,12,35,60,35,36,67,35,59,59,11,11,0,0,0,0,92,0,0,62,
62,0,0,0,0,0,0,0,42,0,0,0,161,0,0,0,0,67,0,0,42,0,0,0,0,67,0,0,0,0,0,0,0,0,0,0,67,67,0,0,0,0,0,0,0,0,92,0,0,62,
62,0,0,0,0,0,0,0,42,0,0,0,0,0,0,0,0,67,0,0,0,0,0,0,0,67,0,0,0,0,0,0,0,0,0,0,67,67,0,0,0,0,0,0,0,0,92,0,0,62,
62,0,0,0,0,0,0,0,42,0,0,59,12,59,60,36,36,67,35,12,12,59,60,12,12,36,36,0,0,0,0,0,0,0,0,0,67,67,0,0,0,0,0,0,0,0,92,0,0,62,
62,0,0,0,0,0,0,0,42,0,0,0,0,0,0,0,0,67,0,0,0,0,0,0,0,0,0,0,0,0,0,0,0,0,0,0,67,67,0,0,0,0,0,0,0,0,92,0,0,62,
62,0,0,0,0,0,0,0,42,0,0,0,0,0,0,0,0,67,0,0,0,0,0,0,0,0,0,0,0,0,0,0,0,0,0,0,67,67,0,0,0,0,0,0,0,0,92,0,0,62,
62,0,0,0,0,0,0,0,42,0,0,0,0,0,0,0,0,67,0,0,0,0,0,0,0,0,0,0,0,0,0,0,0,0,0,0,67,0,0,0,0,0,0,0,0,0,92,0,0,62,
62,0,0,0,0,0,0,0,42,0,0,0,0,0,0,0,0,67,0,0,0,0,0,0,0,0,0,0,0,0,0,0,0,0,0,0,0,0,0,0,0,0,0,0,0,0,0,0,0,62,
62,0,0,0,0,0,0,0,42,0,0,0,0,0,0,0,0,67,0,0,0,0,0,0,0,0,0,0,0,92,0,0,0,0,0,0,59,35,12,11,11,60,36,36,60,11,11,60,60,62,
62,0,0,0,0,0,0,0,42,0,0,0,0,0,0,0,0,67,0,0,0,0,59,60,12,11,35,59,35,92,35,0,0,0,0,0,0,0,0,0,0,42,0,0,42,0,0,42,0,62,
62,0,0,0,0,0,0,0,42,0,209,210,0,0,0,0,0,67,0,0,0,0,0,0,42,0,0,0,0,92,0,0,0,0,0,0,0,0,0,0,0,42,0,0,42,0,0,42,0,62,
62,0,0,0,0,0,0,0,0,0,233,234,0,0,0,0,0,0,0,0,0,0,0,0,42,0,0,0,0,92,0,0,0,0,0,0,0,0,0,0,0,42,0,0,42,0,0,42,0,62,
62,0,0,12,11,36,35,36,35,11,35,12,60,59,59,0,0,0,0,0,0,0,0,0,42,0,0,0,0,92,0,0,0,0,0,0,0,0,0,0,0,42,0,0,42,0,0,42,0,62,
62,0,0,0,161,0,0,0,0,0,0,0,0,0,67,0,0,0,0,0,0,0,14,0,42,0,0,0,0,92,0,0,0,0,0,0,0,0,0,0,0,42,0,0,42,0,0,42,0,62,
62,0,0,0,161,0,0,0,0,0,0,0,0,0,67,0,0,0,0,0,0,0,67,0,42,0,0,0,0,92,0,0,0,0,0,0,0,0,0,0,0,42,0,0,42,0,0,42,0,62,
62,0,0,0,161,0,0,0,0,0,0,0,0,0,67,0,0,0,0,0,0,0,67,0,42,0,0,0,0,0,0,0,0,0,0,0,0,0,0,0,0,42,0,0,42,0,0,42,0,62,
62,0,0,0,161,0,0,0,0,0,0,0,0,0,67,0,0,0,0,36,59,36,67,59,12,60,36,36,59,59,36,36,60,11,36,36,0,0,0,0,0,42,0,0,42,0,0,42,0,62,
62,0,0,0,161,0,0,0,0,0,0,0,0,0,67,0,0,0,0,0,0,0,67,0,0,0,42,0,0,0,0,0,42,0,0,42,0,0,0,0,0,0,0,0,42,0,0,0,0,62,
62,0,0,0,161,0,0,0,0,0,92,0,0,0,67,0,0,0,0,0,0,0,67,0,14,0,42,0,0,0,0,0,42,0,0,42,0,0,0,0,0,0,0,0,42,0,0,0,0,62,
62,0,0,0,161,0,0,0,0,0,92,0,0,0,67,0,0,0,0,0,0,0,67,0,161,0,42,0,0,0,0,0,42,0,0,42,0,0,0,0,0,0,0,0,42,0,0,0,0,62,
62,0,0,0,161,0,0,11,12,11,92,60,11,59,11,35,35,0,0,0,0,0,0,0,161,0,42,0,0,0,0,0,42,0,0,42,0,0,0,0,0,0,0,0,42,0,0,0,0,62,
62,0,0,0,161,0,0,0,0,0,92,0,0,0,0,0,0,0,0,0,0,59,60,36,161,12,60,59,36,59,59,0,42,0,0,42,0,0,0,0,0,0,0,0,42,0,0,0,0,62,
62,0,0,0,161,0,0,0,0,0,92,0,0,0,0,0,0,0,0,0,0,0,0,0,161,0,0,0,0,0,0,0,0,0,0,42,0,0,0,0,0,0,0,0,42,0,0,0,0,62,
62,0,0,0,161,0,0,0,0,0,92,0,0,0,0,0,0,0,0,0,0,0,0,0,161,0,0,0,0,0,0,0,0,0,0,42,0,0,0,0,209,210,0,0,42,0,0,0,0,62,
62,0,0,0,161,0,0,0,0,0,92,0,0,0,0,0,0,0,0,0,0,0,0,0,161,0,0,0,0,0,0,0,0,0,0,42,0,0,0,0,233,234,0,0,0,0,0,0,0,62,
62,0,0,0,161,0,0,0,0,0,92,0,0,0,0,0,0,0,0,0,0,0,0,0,161,0,0,0,0,0,0,0,14,0,0,42,0,0,0,35,35,36,35,35,60,12,60,60,0,62,
62,0,0,0,0,0,0,0,14,0,92,0,0,0,0,0,0,0,0,0,0,0,0,0,161,0,0,0,0,0,0,0,161,0,0,42,0,0,0,0,0,0,0,0,0,0,0,42,0,62,
62,0,0,0,0,0,0,0,92,0,92,0,0,0,0,12,59,12,59,12,35,35,0,0,161,0,0,0,0,0,142,143,161,0,0,42,0,0,0,0,0,0,0,0,0,0,0,42,0,62,
62,0,0,0,113,114,115,116,92,0,92,0,0,0,0,0,0,0,42,0,0,0,0,0,161,0,0,0,0,0,166,167,161,0,0,0,0,0,0,0,0,0,0,0,0,0,0,42,0,62,
62,0,11,60,60,12,60,36,92,0,92,0,0,0,0,0,0,0,42,0,0,0,0,0,161,0,0,0,0,0,60,36,161,60,12,12,36,11,11,0,0,0,0,0,0,0,0,42,0,62,
62,0,0,0,0,0,0,0,92,0,92,0,0,0,0,0,0,0,42,0,0,0,0,0,161,0,0,0,0,0,0,0,161,0,0,0,0,0,42,0,0,0,0,0,0,0,0,42,0,62,
62,0,0,0,0,0,0,0,92,0,92,0,0,0,0,0,0,0,42,0,0,0,0,0,161,0,0,0,0,0,0,0,161,0,0,0,0,0,42,0,0,0,0,0,0,0,0,42,0,62,
62,0,0,0,0,0,0,0,92,0,92,0,0,0,0,0,0,0,42,0,0,0,0,0,161,0,0,0,0,0,0,0,161,0,0,0,0,0,42,0,0,0,0,0,0,0,0,42,0,62,
62,0,0,0,0,0,0,0,92,0,92,0,0,0,0,0,0,0,42,0,0,0,0,0,161,0,0,0,0,0,0,0,161,0,0,0,0,0,42,0,0,0,0,0,0,0,0,42,0,62,
62,0,0,0,0,0,0,0,92,0,0,0,0,0,0,0,0,0,42,0,0,0,0,0,161,0,0,0,0,0,0,0,161,0,0,0,0,0,42,0,0,0,0,0,0,0,0,42,0,62,
86,0,0,0,0,0,0,0,92,0,0,0,0,0,0,0,0,0,67,0,0,0,0,0,0,0,0,0,0,0,0,0,0,0,0,0,0,0,0,0,0,0,0,0,0,0,0,67,0,86

[Object Layer]
# Weapons
type=Weapons
location=256,36,0,0

[Object Layer]
# Weapons
type=Weapons
location=315,468,0,0

[Object Layer]
# Enemies
type=Enemies
location=98,112,0,0

[Object Layer]
# Enemies
type=Enemies
location=132,113,0,0

[Object Layer]
# Enemies
type=Enemies
location=288,119,0,0

[Object Layer]
# Enemies
type=Enemies
location=499,121,0,0

[Object Layer]
# Enemies
type=Enemies
location=694,132,0,0

[Object Layer]
# Enemies
type=Enemies
location=691,331,0,0

[Object Layer]
# Enemies
type=Enemies
location=497,207,0,0

[Object Layer]
# Enemies
type=Enemies
location=356,252,0,0

[Object Layer]
# Enemies
type=Enemies
location=213,253,0,0

[Object Layer]
# Enemies
type=Enemies
location=96,406,0,0

[Object Layer]
# Enemies
type=Enemies
location=446,457,0,0

[Object Layer]
# Enemies
type=Enemies
location=683,612,0,0

[Object Layer]
# Enemies
type=Enemies
location=282,635,0,0

[Object Layer]
# Enemies
type=Enemies
location=64,669,0,0

