[header]
width=50
height=50
tilewidth=16
tileheight=16

[tilesets]
tileset=../../../../dirt-tiles.png,16,16,0,0

[layer]
type=Tile Layer 1
data=
38,0,0,0,0,0,0,0,0,0,0,0,0,0,0,0,0,0,0,0,0,0,0,0,0,0,0,0,0,0,0,0,0,0,0,0,0,0,0,0,0,0,0,0,0,0,0,0,0,38,
62,0,0,0,0,0,0,0,0,0,0,0,0,0,0,0,0,0,0,0,0,0,0,0,0,0,0,0,0,0,0,0,0,0,0,0,0,0,0,0,0,0,0,0,0,0,0,0,0,62,
62,11,59,12,0,0,0,0,0,0,0,0,0,0,0,0,0,0,0,0,0,0,0,0,0,0,0,0,0,0,0,0,0,0,0,0,0,0,0,0,0,0,0,0,0,0,0,0,0,62,
62,0,0,36,0,0,0,0,0,0,0,0,0,0,0,0,0,0,0,0,0,0,0,0,0,0,0,0,0,0,0,0,0,0,0,0,0,0,0,0,0,0,0,0,0,0,0,0,0,62,
62,0,0,11,59,0,0,0,0,0,0,0,0,0,0,0,0,0,0,0,0,0,0,0,0,0,0,0,0,0,0,0,0,0,0,0,0,0,0,0,0,0,0,0,0,0,0,0,0,62,
62,0,0,0,59,0,0,0,0,0,0,0,0,0,0,0,0,0,0,0,0,0,0,0,0,0,0,0,0,0,0,0,0,0,0,0,0,0,0,0,0,0,0,0,0,0,0,0,0,62,
62,0,0,0,12,36,59,60,60,59,12,60,11,60,11,35,36,11,12,60,11,11,12,12,28,0,0,0,0,0,0,0,0,0,0,0,0,0,0,0,0,0,0,0,0,0,0,0,0,62,
62,0,0,0,0,0,0,0,0,0,0,0,0,0,0,0,0,0,0,0,0,0,0,60,60,0,0,0,0,0,0,0,0,0,0,0,0,0,0,0,0,0,0,0,0,0,0,0,0,62,
62,0,0,0,0,0,0,0,0,0,0,0,0,0,0,0,0,0,0,0,0,0,0,0,35,59,11,59,36,0,0,0,0,0,0,0,0,0,0,0,0,0,0,0,0,0,0,0,0,62,
62,0,0,0,0,0,0,0,0,0,0,0,0,0,0,0,0,0,0,0,0,0,0,0,0,0,0,0,36,11,36,35,60,12,11,35,11,36,36,36,0,0,0,0,0,0,0,0,0,62,
62,0,0,0,0,0,0,0,0,0,0,0,0,0,0,0,0,0,0,0,0,0,0,0,0,0,0,0,0,0,0,0,0,0,0,0,0,0,0,42,0,0,0,0,0,0,0,0,0,62,
62,0,0,0,0,0,0,0,0,0,0,0,0,0,0,0,0,0,0,0,0,0,0,0,0,0,0,0,0,0,0,0,0,0,0,0,0,0,0,42,0,0,0,0,0,0,0,0,0,62,
62,0,0,0,0,0,0,0,0,0,0,0,0,0,0,0,0,0,0,0,0,0,0,0,0,0,0,0,0,0,0,0,0,0,0,0,0,0,0,42,0,0,0,0,0,0,0,0,0,62,
62,0,0,0,0,0,0,0,0,0,0,0,0,0,0,0,0,0,0,0,0,0,0,0,0,0,0,0,0,0,0,0,0,0,0,0,0,0,0,42,0,0,0,0,0,0,0,0,0,62,
62,0,0,0,0,0,0,27,27,29,30,30,0,0,0,0,0,0,0,0,0,0,0,0,0,0,0,0,0,0,0,0,0,0,0,0,0,0,0,42,0,0,0,0,0,0,0,0,0,62,
62,0,0,0,0,0,0,36,35,11,59,36,0,0,0,0,0,0,0,0,0,0,0,0,0,0,0,0,0,0,0,0,0,0,0,0,0,0,0,42,0,0,0,0,0,0,0,0,0,62,
62,0,0,0,0,0,0,0,0,42,0,35,11,60,60,0,0,0,0,0,36,12,11,60,11,59,60,60,0,0,11,12,11,12,59,36,12,35,0,42,0,0,0,0,0,0,0,0,0,62,
62,0,0,0,0,0,0,0,0,42,0,0,0,0,0,0,0,0,0,0,0,0,0,0,0,0,0,0,0,0,0,0,0,0,0,0,35,35,36,60,59,59,35,11,35,35,0,0,0,62,
62,0,0,0,0,0,0,0,0,42,0,0,0,0,0,0,0,0,0,0,0,0,0,0,0,0,0,0,0,0,0,0,0,0,0,0,0,60,36,36,59,59,60,59,36,59,35,12,35,62,
62,0,0,0,0,0,0,0,0,42,0,0,0,35,11,36,36,11,35,36,36,0,0,0,0,0,59,12,59,60,59,59,0,0,0,0,0,0,0,0,0,0,0,0,0,0,0,0,0,62,
62,0,0,0,0,0,0,0,0,42,0,0,0,0,0,0,0,0,0,0,0,0,0,0,0,0,0,0,0,0,0,0,0,0,0,0,0,0,0,0,0,0,0,0,0,0,0,0,0,62,
62,0,0,0,0,0,0,0,0,42,0,0,0,0,0,0,0,0,0,0,0,0,0,0,0,0,0,0,0,0,0,0,0,0,0,0,0,0,0,0,0,0,0,0,0,0,0,0,0,62,
62,0,0,0,0,0,0,0,0,42,0,0,0,0,0,0,0,0,0,0,0,0,0,0,0,0,0,0,0,0,0,0,0,0,0,0,0,0,0,0,0,0,0,0,0,0,0,0,0,62,
62,0,0,0,0,0,0,0,0,42,0,0,0,0,0,0,0,0,0,0,0,0,0,0,0,0,0,0,0,0,0,0,0,0,0,0,0,0,0,0,0,0,0,0,0,0,0,0,0,62,
62,0,0,0,0,0,0,0,0,0,0,0,0,0,0,0,0,0,0,0,0,0,0,0,0,0,0,0,0,0,0,0,0,0,0,0,0,0,0,0,0,0,0,0,0,0,0,0,0,62,
62,0,0,0,59,59,11,11,60,11,60,59,59,59,0,0,0,0,0,0,0,0,0,0,0,0,0,0,0,0,0,0,0,0,0,0,0,0,0,0,0,0,0,0,0,0,0,0,0,62,
62,0,0,0,0,0,42,0,0,0,0,0,0,42,0,0,0,0,0,0,0,0,0,0,0,0,0,0,0,0,0,0,0,0,0,0,0,0,0,0,0,0,0,0,0,0,0,0,0,62,
62,0,0,0,0,0,42,0,0,0,0,0,0,42,0,0,0,0,0,0,0,0,0,0,0,0,0,0,0,35,36,11,35,36,36,36,35,60,35,60,35,12,12,12,12,0,0,0,0,62,
62,0,0,0,0,0,42,0,0,0,0,0,0,42,0,0,0,0,0,0,0,0,0,0,0,0,0,0,0,0,0,0,0,0,0,0,0,0,0,0,0,0,0,0,0,0,0,0,0,62,
62,0,0,0,0,0,42,0,0,0,35,0,0,42,0,0,0,0,0,0,0,0,0,0,0,0,0,0,0,0,0,0,0,0,0,0,11,0,0,0,0,0,0,0,0,0,0,0,0,62,
62,0,0,0,0,0,42,0,0,0,11,0,0,42,0,0,0,0,0,0,0,0,0,0,0,0,0,0,0,0,0,0,0,0,0,0,11,0,0,0,0,0,0,0,0,0,0,0,0,62,
62,0,0,0,0,0,42,0,0,0,36,0,0,42,0,0,0,0,0,0,0,0,0,0,0,0,0,0,0,0,0,0,0,0,0,0,35,0,0,0,0,0,0,0,0,0,0,0,0,62,
62,0,0,0,0,0,42,0,0,0,59,0,0,42,0,0,0,0,0,0,0,0,0,0,0,0,0,0,0,0,0,0,0,0,0,0,35,0,0,0,0,0,0,0,0,0,0,0,0,62,
62,0,0,0,0,0,42,0,0,0,36,0,0,42,0,0,0,0,0,0,0,0,0,0,0,0,0,0,0,0,0,0,0,0,0,0,60,0,0,0,0,0,0,0,0,0,0,0,0,62,
62,0,0,0,0,0,42,0,0,0,36,0,0,42,0,0,0,0,0,0,0,0,0,0,0,0,0,0,0,0,0,0,0,0,0,0,11,0,0,0,0,0,0,0,0,0,0,0,0,62,
62,0,0,0,0,0,42,0,0,0,36,0,0,42,0,0,0,0,0,0,29,29,29,29,0,0,0,0,0,0,0,0,0,7,113,114,35,0,0,0,0,0,0,0,0,0,0,0,0,62,
62,0,0,0,0,0,42,0,0,0,12,36,12,36,12,59,35,12,12,59,35,11,59,59,35,60,35,11,36,59,59,12,11,35,11,12,12,0,0,0,0,0,0,0,0,0,0,0,0,62,
62,0,0,0,0,0,42,0,0,0,0,0,0,0,0,42,0,0,0,0,0,0,0,0,42,0,0,0,0,0,0,42,0,0,42,0,42,0,0,0,0,0,0,0,0,0,0,0,0,62,
62,0,0,0,0,0,42,0,0,0,0,0,0,0,0,42,0,0,0,0,0,0,0,0,42,0,0,0,0,0,0,42,0,0,42,0,42,0,0,0,0,0,0,0,0,0,0,0,0,62,
62,0,0,0,0,0,42,0,0,0,0,0,0,0,0,42,0,0,0,0,0,0,0,0,42,0,0,0,0,0,0,42,0,0,42,0,42,0,0,0,0,0,0,0,0,0,0,0,0,62,
62,0,0,0,0,0,42,0,0,0,0,0,0,0,0,42,0,0,0,0,0,0,0,0,42,0,0,0,0,0,0,42,0,0,42,0,42,0,0,0,0,0,0,0,0,0,0,0,0,62,
62,0,0,0,0,0,42,0,0,0,0,0,0,0,0,0,0,0,0,0,0,0,0,0,42,0,0,0,0,0,0,42,0,0,42,0,42,0,0,0,0,0,0,0,0,0,0,0,0,62,
62,0,0,0,0,0,42,0,0,0,0,0,0,0,0,0,0,0,0,0,0,0,0,0,42,0,0,0,0,0,0,42,0,0,42,0,42,0,0,0,0,0,0,0,0,0,0,0,0,62,
62,0,0,0,0,0,42,0,0,0,0,0,0,0,0,0,0,0,0,0,0,0,0,0,42,0,0,0,0,0,0,42,0,0,0,0,42,0,0,0,0,0,0,0,0,0,0,0,0,62,
62,0,0,0,0,0,42,0,0,0,0,0,0,0,0,0,0,0,0,0,0,0,0,0,42,0,0,0,0,0,0,42,0,0,0,0,42,0,0,0,0,0,0,0,0,0,0,0,0,62,
62,0,0,0,0,0,42,0,0,0,0,0,0,0,0,0,0,0,0,0,0,0,0,0,42,0,0,0,0,0,0,42,0,0,0,0,42,0,0,0,0,0,0,0,0,0,0,0,0,62,
62,0,0,12,60,0,42,0,0,0,0,0,0,0,0,0,0,0,0,0,0,0,0,0,42,0,0,0,0,0,0,0,0,0,0,0,42,0,0,0,0,0,60,36,0,0,0,0,0,62,
62,0,0,0,59,11,42,0,0,0,0,0,0,0,0,0,0,0,0,0,0,0,0,0,42,0,0,0,0,0,0,0,0,0,0,0,42,0,0,0,60,36,36,0,0,0,0,0,0,62,
62,0,0,0,0,59,59,11,0,0,0,0,0,0,28,29,29,0,0,0,0,0,0,0,42,0,0,0,0,0,0,0,0,0,0,0,0,0,79,35,36,0,0,0,0,0,0,0,0,62,
86,0,0,0,0,0,0,36,11,12,12,0,0,0,12,36,36,0,0,0,0,59,36,35,11,11,11,11,0,0,0,0,0,0,0,36,36,35,60,36,0,0,0,0,0,0,0,0,0,86

