[header]
width=50
height=50
tilewidth=16
tileheight=16

[tilesets]
tileset=../../Dropbox/Game Programming/dirt-tiles.png,16,16,0,0

[layer]
type=Tile Layer 1
data=
5,5,52,5,52,51,50,5,5,5,52,5,5,52,51,51,50,51,5,51,50,5,50,52,51,51,5,5,51,51,52,50,5,52,52,50,52,50,52,50,50,52,51,52,51,52,52,52,51,51,
38,0,0,0,0,0,0,0,0,0,0,0,0,0,0,0,0,0,0,0,0,0,0,0,0,0,0,0,0,0,0,0,0,0,0,0,0,0,0,0,161,0,0,0,0,0,0,0,0,0,
62,11,59,12,0,0,0,0,0,0,0,0,0,0,0,0,0,0,0,0,0,0,0,0,0,0,0,0,0,0,0,0,0,0,0,0,0,0,0,0,161,0,0,0,0,0,0,0,0,0,
62,0,0,36,0,0,0,0,0,0,0,0,0,0,0,0,0,0,0,0,0,0,0,0,0,0,0,0,0,0,0,0,0,0,0,0,0,0,0,0,161,0,0,0,0,0,0,0,0,0,
62,0,0,11,59,0,0,0,0,0,0,0,0,0,0,0,0,0,0,0,0,0,0,0,0,0,0,0,0,0,0,0,0,0,0,0,0,0,0,0,161,0,0,0,0,0,0,0,0,0,
62,0,0,0,59,0,0,0,0,0,0,0,0,0,0,0,0,0,0,0,0,0,0,0,0,0,0,0,0,0,0,0,0,0,0,0,0,0,0,0,161,0,0,0,0,0,0,0,0,0,
62,0,0,0,12,36,59,60,60,59,12,60,11,60,11,35,36,11,12,60,11,11,12,12,28,0,0,0,0,0,0,0,0,0,0,0,0,0,0,0,161,0,0,0,0,0,0,0,0,0,
62,0,0,0,0,0,0,0,0,0,0,0,0,0,0,0,0,0,0,0,0,0,0,60,60,0,0,0,0,0,0,0,0,0,0,0,0,0,0,0,161,0,0,0,0,0,0,0,0,0,
62,0,0,0,0,0,0,0,0,0,0,0,0,0,0,0,0,0,0,0,0,0,0,0,35,59,11,59,36,0,0,0,0,0,0,0,0,0,0,0,161,0,0,0,0,0,0,0,0,0,
62,0,0,0,0,0,0,0,0,0,0,0,0,0,0,0,0,0,0,0,0,0,0,0,0,0,0,0,36,11,36,35,60,12,11,35,11,36,36,36,161,0,0,0,0,0,0,0,0,0,
62,0,0,0,0,0,0,0,0,0,0,0,0,0,0,0,0,0,0,0,0,0,0,0,0,0,0,0,0,0,0,0,0,0,0,0,0,0,0,0,161,0,0,0,0,0,0,0,0,0,
62,0,0,0,0,0,0,0,0,0,0,0,0,0,0,0,0,0,0,0,0,0,0,0,0,0,0,0,0,0,0,0,0,0,0,0,0,0,0,0,161,0,0,0,0,0,0,0,0,0,
62,0,0,0,0,0,0,0,0,0,0,0,0,0,0,0,0,0,0,0,0,0,0,0,0,0,0,0,0,0,0,0,0,0,0,0,0,0,0,0,161,0,0,0,0,0,0,0,0,0,
62,0,0,0,0,0,0,0,0,0,0,0,0,0,0,0,0,0,0,0,0,0,0,0,0,0,0,0,0,0,0,0,0,0,0,0,0,0,0,0,161,0,0,0,0,0,0,0,0,0,
62,0,0,0,0,0,0,27,27,29,30,30,0,0,0,0,0,0,0,0,0,0,0,0,0,0,0,0,0,0,0,0,0,0,0,0,0,0,0,0,161,0,0,0,0,0,0,0,0,0,
62,0,0,0,0,0,0,36,35,11,59,36,0,0,0,0,0,0,0,0,0,0,0,0,0,0,0,0,0,0,0,0,0,0,0,0,0,0,0,0,0,0,0,0,0,0,0,0,0,0,
62,0,0,0,0,0,0,0,0,42,0,35,11,60,60,0,0,0,0,0,36,12,11,60,11,59,60,60,0,0,11,12,11,12,59,36,12,35,0,0,0,0,0,0,0,0,0,0,0,0,
62,0,0,0,0,0,0,0,0,42,0,0,0,0,0,0,0,0,0,0,0,0,0,0,0,0,0,0,0,0,0,0,0,0,0,0,35,35,36,60,59,59,35,11,35,35,0,0,0,0,
62,0,0,0,0,0,0,0,0,42,0,0,0,0,0,0,0,0,0,0,0,0,0,0,0,0,0,0,0,0,0,0,0,0,0,0,0,60,36,36,59,59,60,59,36,59,35,12,35,0,
62,0,0,0,0,0,0,0,0,42,0,0,0,35,11,36,36,11,35,36,36,0,0,0,0,0,59,12,59,60,59,59,0,0,0,0,0,0,0,0,0,0,0,0,0,0,0,0,0,0,
62,0,0,0,0,0,0,0,0,42,0,0,0,0,0,0,0,0,0,0,0,0,0,0,0,0,0,0,0,0,0,0,0,0,0,0,0,0,0,0,0,0,0,0,0,0,0,0,0,0,
62,0,0,0,0,0,0,0,0,42,0,0,0,0,0,0,0,0,0,0,0,0,0,0,0,0,0,0,0,0,0,0,0,0,0,0,0,0,0,0,0,0,0,0,0,0,0,0,0,0,
62,0,0,0,0,0,0,0,0,42,0,0,0,0,0,0,0,0,0,0,0,0,0,0,0,0,0,0,0,0,0,0,0,0,0,0,0,0,0,0,0,0,0,0,0,0,0,0,0,0,
62,0,0,0,0,0,0,0,0,42,0,0,0,0,0,0,0,0,0,0,0,0,0,0,0,0,0,0,0,0,0,0,0,0,0,0,0,0,0,0,0,0,0,0,0,0,0,0,0,0,
62,0,0,0,0,0,0,0,0,0,0,0,0,0,0,0,0,0,0,0,0,0,0,0,0,0,0,0,0,0,0,0,0,0,0,0,0,0,0,0,0,0,0,0,0,0,0,0,0,0,
62,0,0,0,59,59,11,11,60,11,60,59,59,59,0,0,0,0,0,0,0,0,0,0,0,0,0,0,0,0,0,0,0,0,0,0,0,0,0,0,0,0,0,0,0,0,0,0,0,0,
62,0,0,0,0,0,42,0,0,0,0,0,0,42,0,0,0,0,0,0,0,0,0,0,0,0,0,0,0,0,0,0,0,0,0,0,0,0,0,0,0,0,0,0,0,0,0,0,0,0,
62,0,0,0,0,0,42,0,0,0,0,0,0,42,0,0,0,0,0,0,0,0,0,0,0,0,0,0,0,35,36,11,35,36,36,36,35,60,35,60,35,12,12,12,12,0,0,0,0,0,
62,0,0,0,0,0,42,0,0,0,0,0,0,42,0,0,0,0,0,0,0,0,0,0,0,0,0,0,0,0,0,0,0,0,0,0,0,0,0,0,0,0,0,0,0,0,0,0,0,0,
62,0,0,0,0,0,42,35,35,35,35,0,0,42,0,0,0,0,0,0,0,0,0,0,0,0,0,0,0,0,0,0,0,0,0,0,11,0,0,0,0,0,0,0,0,0,0,0,0,0,
62,0,0,0,0,0,42,35,35,35,11,0,0,42,0,0,0,0,0,0,0,0,0,0,0,0,0,0,0,0,0,0,0,0,0,0,11,0,0,0,0,0,0,0,0,0,0,0,0,0,
62,0,0,0,0,0,42,0,0,35,36,0,0,42,0,0,0,0,0,0,0,0,0,0,0,0,0,0,0,0,0,0,0,0,0,0,35,0,0,0,0,0,0,0,0,0,0,0,0,0,
62,0,0,0,0,0,42,0,0,35,59,0,0,42,0,0,0,0,0,0,0,0,0,0,0,0,0,0,0,0,0,0,0,0,0,0,35,0,0,0,0,0,0,0,0,0,0,0,0,0,
62,0,0,0,0,0,42,0,0,35,36,0,0,42,0,0,0,0,0,0,0,0,0,0,0,0,0,0,0,0,0,0,0,0,0,0,60,0,0,0,0,0,0,0,0,0,0,0,0,0,
62,0,0,0,0,0,42,0,0,35,36,0,0,42,0,0,0,0,0,0,0,0,0,0,0,0,0,0,0,0,0,0,0,0,0,0,11,0,0,0,0,0,0,0,0,0,0,35,59,11,
62,0,0,0,0,0,42,0,0,35,36,0,0,0,0,0,0,0,0,0,29,29,29,29,0,0,0,0,0,0,0,0,0,7,113,114,35,0,0,0,0,0,0,0,0,59,59,35,0,0,
62,0,0,0,0,0,42,0,0,35,12,36,12,36,12,59,35,12,12,59,35,11,59,59,35,60,35,11,36,59,59,12,11,35,11,12,12,0,0,0,0,0,0,35,36,35,0,0,0,0,
62,0,0,0,0,0,42,0,0,35,35,0,0,0,0,42,0,0,0,0,0,0,0,0,42,0,0,0,0,0,0,42,0,0,42,0,42,0,0,0,0,0,36,11,0,0,0,0,0,0,
62,0,0,0,0,0,42,0,0,0,0,0,0,0,0,42,0,0,0,0,0,0,0,0,42,0,0,0,0,0,0,42,0,0,42,0,42,0,0,0,0,0,36,0,0,0,0,0,0,0,
62,0,0,0,0,0,42,0,0,0,0,0,0,0,0,42,0,0,0,0,0,0,0,0,42,0,0,0,0,0,0,42,0,0,42,0,42,0,0,0,0,0,0,0,0,0,0,0,0,0,
62,0,0,0,0,0,42,0,0,0,0,0,0,0,0,42,0,0,0,0,0,0,0,0,42,0,0,0,0,0,0,42,0,0,42,0,42,0,0,0,0,0,0,0,0,0,0,0,0,0,
62,0,0,0,0,0,42,0,0,0,0,0,0,0,0,0,0,0,0,0,0,0,0,0,42,0,0,0,0,0,0,42,0,0,42,0,42,0,0,0,0,0,0,0,0,0,0,0,0,0,
62,0,0,0,0,0,42,0,0,0,0,0,0,0,0,0,0,0,0,0,0,0,0,0,42,0,0,0,0,0,0,42,0,0,42,0,42,0,0,0,0,0,0,0,0,0,0,0,0,0,
62,0,0,0,0,0,42,0,0,0,0,0,0,0,0,0,0,0,0,0,0,0,0,0,42,0,0,0,0,0,0,42,0,0,0,0,42,0,0,0,0,0,0,0,0,0,0,0,0,0,
62,0,0,0,0,0,42,0,0,0,0,0,0,0,0,0,0,0,0,0,0,0,0,0,42,0,0,0,0,0,0,42,0,0,0,0,42,0,0,0,0,0,0,0,0,0,0,0,0,0,
62,0,0,0,0,0,42,0,0,0,0,0,0,0,0,0,0,0,0,0,0,0,0,0,42,0,0,0,0,0,0,42,0,0,0,0,42,0,0,0,0,0,0,0,0,60,60,60,36,36,
62,0,0,12,60,0,0,0,0,0,0,0,0,0,0,0,0,0,0,0,0,0,0,0,42,0,0,0,0,0,0,0,0,0,0,0,42,0,0,0,0,0,60,36,0,0,0,0,0,0,
62,0,0,0,59,11,0,0,0,0,0,0,0,0,0,0,0,0,0,0,0,0,0,0,42,0,0,0,0,0,0,0,0,0,0,0,42,0,0,0,60,36,36,0,0,0,0,0,0,0,
62,0,0,0,0,59,59,11,0,0,0,0,0,0,28,29,29,0,0,0,0,0,0,0,0,0,0,0,0,0,0,0,0,0,0,0,0,0,79,35,36,0,0,0,0,0,0,0,0,0,
86,0,0,0,0,0,0,36,11,12,12,0,0,0,12,36,36,0,0,0,0,59,36,35,11,11,11,11,0,0,0,0,0,0,0,36,36,35,60,36,0,0,0,0,0,0,0,0,0,0

[Object Layer]
# Weapons
type=Weapons
location=111,84,0,0

[Object Layer]
# Weapons
type=Weapons
location=663,415,0,0

[Object Layer]
# Enemies
type=Enemies
location=197,82,0,0

[Object Layer]
# Enemies
type=Enemies
location=288,81,0,0

[Object Layer]
# Enemies
type=Enemies
location=495,122,0,0

[Object Layer]
# Enemies
type=Enemies
location=595,126,0,0

[Object Layer]
# Enemies
type=Enemies
location=551,239,0,0

[Object Layer]
# Enemies
type=Enemies
location=360,236,0,0

[Object Layer]
# Enemies
type=Enemies
location=291,545,0,0

[Object Layer]
# Enemies
type=Enemies
location=436,561,0,0

[Object Layer]
# Enemies
type=Enemies
location=778,713,0,0

[Object Layer]
# Enemies
type=Enemies
location=237,773,0,0

