[header]
width=50
height=50
tilewidth=16
tileheight=16

[tilesets]
tileset=../../Dropbox/Game Programming/dirt-tiles.png,16,16,0,0

[layer]
type=Tile Layer 1
data=
-2147483597,-2147483597,-2147483596,-2147483596,-2147483596,-2147483597,-2147483596,-2147483597,-2147483596,-2147483598,-2147483598,-2147483596,-2147483598,-2147483596,-2147483598,-2147483596,-2147483596,-2147483643,-2147483598,-2147483596,-2147483597,-2147483597,-2147483643,-2147483643,-2147483597,-2147483597,-2147483596,-2147483598,-2147483643,-2147483598,-2147483597,-2147483643,-2147483597,-2147483598,-2147483597,-2147483597,-2147483596,-2147483643,-2147483643,-2147483596,-2147483643,-2147483643,-2147483643,-2147483598,-2147483597,-2147483596,-2147483643,-2147483596,-2147483643,-2147483643,
0,0,0,0,0,0,0,0,0,0,0,0,0,0,0,0,0,0,0,0,0,0,0,0,0,0,0,0,0,0,0,0,0,0,0,0,0,0,0,0,0,0,0,0,0,0,0,0,0,62,
0,0,0,0,0,0,0,0,0,0,0,0,0,0,0,0,0,0,0,0,0,0,0,0,0,0,0,0,0,0,0,0,0,0,0,0,0,0,0,0,0,0,0,0,0,0,0,0,0,62,
0,0,0,0,0,0,0,0,0,0,0,0,0,0,0,0,0,0,0,0,0,0,0,0,0,0,0,0,0,0,0,0,0,0,0,0,0,0,0,0,0,0,0,0,0,0,0,0,0,62,
0,0,0,0,0,0,0,0,0,0,0,0,0,0,0,0,0,0,0,0,0,0,0,0,0,0,0,0,0,0,0,0,0,0,0,0,0,0,0,0,0,0,0,0,0,0,0,0,0,62,
0,0,0,0,0,0,0,0,0,0,0,0,0,0,0,0,0,0,0,0,0,0,0,0,0,0,0,0,0,0,0,0,0,0,0,-2147483637,-2147483637,-2147483589,-2147483589,-2147483612,-2147483589,-2147483637,-2147483588,-2147483612,-2147483589,-2147483612,-2147483637,0,0,62,
0,0,0,0,0,0,0,0,0,-2147483612,-2147483612,-2147483588,-2147483613,-2147483613,0,0,0,0,0,0,0,0,0,0,0,0,0,0,0,0,0,0,0,0,0,0,0,0,0,0,0,0,0,0,0,0,0,0,0,62,
0,0,0,0,0,0,0,0,0,0,0,0,0,0,0,0,-2147483637,-2147483637,-2147483637,-2147483613,-2147483588,0,0,-2147483637,-2147483637,-2147483588,-2147483588,0,0,0,-2147483637,-2147483637,-2147483612,0,0,0,0,0,0,0,0,0,0,0,0,0,0,0,0,62,
0,0,0,-2147483589,-2147483589,-2147483612,-2147483588,0,0,0,0,0,0,0,0,0,0,0,0,0,0,0,0,0,0,0,0,0,0,0,0,0,0,0,0,0,0,0,0,0,0,0,0,0,0,0,0,0,0,62,
0,0,0,0,0,0,0,0,0,0,0,0,0,0,0,0,0,0,0,0,0,0,0,0,0,0,0,0,-2147483613,0,0,0,0,0,0,0,0,0,0,0,0,0,0,0,0,0,0,0,0,62,
0,0,0,0,0,0,0,0,0,0,0,0,0,0,0,0,0,0,0,0,0,0,0,0,0,0,0,0,161,0,0,0,0,0,0,0,0,0,0,0,0,0,0,0,0,0,0,0,0,62,
0,0,0,0,0,0,0,0,0,0,0,0,0,0,0,0,0,0,0,0,0,0,0,0,0,0,0,0,161,0,0,0,0,0,0,0,0,0,0,0,0,0,0,0,0,0,0,0,0,62,
0,0,0,0,0,0,0,0,0,0,0,0,0,0,0,0,0,0,0,0,0,0,0,0,0,0,0,0,161,0,0,0,0,0,0,0,0,0,0,0,0,0,0,0,0,0,0,0,0,62,
0,0,0,0,0,0,0,0,0,0,0,0,0,0,0,0,0,0,0,0,0,0,0,0,0,0,0,0,161,0,0,0,0,0,0,0,0,0,0,0,0,0,0,0,0,0,0,0,0,62,
0,0,0,0,0,0,0,0,0,0,0,0,0,0,0,0,0,0,0,0,0,0,0,0,0,0,0,0,161,0,0,0,0,0,0,0,0,0,0,0,0,0,0,0,0,0,0,0,0,62,
-2147483637,-2147483637,-2147483613,-2147483612,-2147483589,0,0,0,0,0,0,0,0,0,0,0,0,0,0,0,0,0,0,0,0,0,0,0,161,0,0,0,0,0,0,0,0,0,0,0,0,0,0,0,0,0,0,0,0,62,
0,0,0,0,0,0,0,0,0,0,0,0,0,0,0,0,0,0,0,0,0,0,0,0,0,0,0,0,161,0,0,0,0,0,0,0,0,0,0,0,0,0,0,0,0,0,0,0,0,62,
0,0,0,0,0,0,0,0,0,0,0,0,0,0,0,0,0,0,0,0,0,0,0,0,0,0,0,0,161,0,0,0,0,0,0,0,0,0,0,0,0,0,0,0,0,0,0,0,0,62,
0,0,0,0,0,0,0,0,0,0,0,0,0,0,0,0,0,0,0,0,0,0,0,0,0,0,0,0,161,0,0,0,0,0,0,0,0,0,0,0,0,0,0,0,0,0,0,0,-2147483613,62,
0,0,0,0,0,0,0,0,0,0,0,0,0,0,0,0,0,0,0,0,0,0,0,0,0,0,0,0,161,0,0,0,0,0,0,0,0,0,0,0,0,0,0,0,0,0,-2147483589,-2147483613,0,62,
0,0,0,0,0,0,0,0,0,0,-2147483597,-2147483597,-2147483599,-2147483642,0,0,0,0,0,0,0,0,0,0,0,0,0,0,0,0,0,0,0,0,0,0,0,0,0,0,0,0,0,0,0,-2147483637,-2147483612,0,0,62,
0,0,0,0,0,0,0,0,0,0,-2147483610,0,0,-2147483556,0,0,0,0,0,0,0,0,0,0,0,0,0,0,0,0,-2147483612,-2147483613,-2147483588,-2147483588,0,0,0,-2147483613,-2147483613,-2147483612,-2147483589,-2147483612,-2147483588,-2147483589,-2147483588,-2147483637,0,0,0,62,
0,0,0,0,0,0,0,0,0,0,-2147483586,0,0,-2147483556,0,0,0,0,0,0,0,-2147483612,-2147483637,-2147483637,-2147483637,-2147483637,-2147483613,-2147483613,-2147483612,-2147483613,-2147483637,0,0,-2147483613,-2147483613,-2147483589,-2147483612,-2147483612,0,0,0,0,0,0,0,0,0,0,0,62,
0,0,0,0,0,0,0,0,0,0,-2147483586,0,0,-2147483556,-2147483612,-2147483613,-2147483637,-2147483588,-2147483612,-2147483613,-2147483613,-2147483589,0,0,0,0,0,0,0,0,0,0,0,0,0,0,0,0,0,0,0,0,0,0,0,0,0,0,0,62,
0,0,0,0,0,0,0,0,0,0,-2147483586,0,0,-2147483556,0,0,0,0,0,0,0,0,0,0,0,0,0,0,0,0,0,0,0,0,0,0,0,0,0,0,0,0,0,0,0,0,0,0,0,62,
0,0,0,0,0,0,0,0,0,0,-2147483562,0,0,-2147483556,0,0,0,0,0,0,0,0,0,0,0,0,0,0,0,0,0,0,0,0,0,0,0,0,0,0,0,0,0,0,0,0,0,0,0,62,
0,0,0,0,0,0,0,0,0,-2147483588,-2147483613,-2147483612,-2147483613,-2147483556,0,0,0,0,0,0,0,0,0,0,0,0,0,0,0,0,0,0,0,0,0,0,0,0,0,0,0,0,0,0,0,0,0,0,0,62,
0,0,0,0,0,0,0,0,-2147483612,-2147483588,0,0,0,-2147483556,0,0,0,0,0,0,0,0,0,0,0,0,0,0,0,0,0,0,0,0,0,0,0,0,0,0,0,0,0,0,0,0,0,0,0,62,
0,0,0,0,0,0,0,0,-2147483589,0,0,0,0,-2147483556,0,0,0,0,0,0,0,0,0,0,0,0,0,0,0,0,0,0,0,0,0,0,0,0,0,0,0,0,0,0,0,0,0,0,0,62,
0,0,0,0,0,0,0,0,-2147483613,0,0,0,0,-2147483556,0,0,0,0,0,0,0,0,0,0,0,0,0,0,0,0,0,0,0,0,0,0,0,0,0,0,0,0,0,0,0,0,0,0,0,62,
0,0,0,0,0,0,0,0,-2147483637,0,0,0,0,-2147483556,0,0,0,0,0,0,0,0,0,0,0,0,0,0,0,0,0,0,0,0,0,0,0,0,0,0,0,0,0,0,0,0,0,0,0,62,
0,0,0,0,0,0,0,0,-2147483612,0,0,0,0,-2147483556,0,0,0,0,0,0,0,0,0,0,0,0,0,0,0,0,0,0,0,0,0,0,0,0,0,0,0,0,0,0,0,0,0,0,0,62,
0,0,0,0,0,0,0,0,-2147483589,0,0,0,0,-2147483556,0,0,0,0,0,0,0,0,0,0,0,0,0,0,0,0,0,0,0,0,0,0,0,0,0,0,0,0,0,0,0,0,0,0,0,62,
0,0,0,0,0,0,0,0,-2147483612,0,0,0,0,0,0,0,0,0,0,0,0,0,0,0,0,0,0,0,0,0,0,0,0,0,0,0,0,0,0,0,0,0,0,0,-2147483642,0,0,0,0,62,
0,0,0,0,0,0,0,0,-2147483612,-2147483613,-2147483613,-2147483589,0,0,0,0,0,0,0,0,0,0,0,0,0,0,0,0,0,0,0,0,0,0,0,0,0,0,0,0,0,0,0,0,-2147483556,0,0,0,0,62,
0,0,0,0,0,0,0,0,0,0,0,-2147483613,-2147483613,-2147483588,0,0,0,0,0,0,0,0,0,0,0,0,0,0,0,0,0,0,0,0,0,0,0,0,0,0,0,0,0,0,-2147483556,0,0,0,0,62,
0,0,0,0,0,0,0,0,0,0,0,0,0,-2147483613,-2147483613,-2147483588,0,0,0,0,0,0,0,0,0,0,0,0,0,0,0,0,0,0,0,0,0,0,0,0,0,0,0,0,-2147483556,0,0,0,0,62,
0,0,0,0,0,0,0,0,0,0,0,0,0,0,0,-2147483589,-2147483612,-2147483612,0,0,0,0,0,0,0,0,0,0,0,0,0,0,0,0,0,0,-2147483613,-2147483613,-2147483612,-2147483637,-2147483588,-2147483612,-2147483637,-2147483613,-2147483556,0,0,0,0,62,
0,0,0,0,0,0,0,0,0,0,0,0,0,0,0,0,0,-2147483637,-2147483637,-2147483612,0,0,0,0,0,0,0,0,0,0,0,0,0,0,0,0,0,-2147483589,0,-2147483581,0,0,0,0,-2147483556,0,0,0,0,62,
0,0,0,0,0,0,0,0,0,0,0,0,0,0,0,0,0,0,0,-2147483588,-2147483588,-2147483588,0,0,0,0,0,0,0,0,0,0,0,0,0,0,0,-2147483637,0,-2147483581,0,0,0,0,-2147483556,0,0,0,0,62,
0,0,0,0,0,0,0,0,0,0,0,0,0,0,0,0,0,0,0,0,0,-2147483637,-2147483637,-2147483613,0,0,0,0,0,0,0,0,0,0,0,0,0,-2147483589,0,-2147483581,0,0,0,0,-2147483556,0,0,0,0,62,
0,-2147483637,-2147483612,-2147483613,-2147483613,-2147483589,-2147483589,-2147483637,0,0,0,0,0,0,0,0,0,0,0,0,0,0,0,-2147483612,-2147483612,-2147483612,0,0,0,0,0,0,0,0,0,0,0,-2147483588,0,-2147483581,0,0,0,0,-2147483556,0,0,0,0,62,
-2147483613,-2147483613,0,0,0,0,0,0,0,0,0,0,0,0,0,0,0,0,0,0,0,0,0,0,0,-2147483637,-2147483637,-2147483589,-2147483589,-2147483588,-2147483613,-2147483589,-2147483637,-2147483612,-2147483612,-2147483613,-2147483589,-2147483613,0,-2147483581,0,0,0,0,-2147483556,0,0,0,0,62,
0,0,0,0,0,0,0,0,0,0,0,0,0,0,0,0,0,0,0,0,0,0,0,0,0,0,0,0,0,0,0,0,0,0,0,0,0,0,0,-2147483581,0,0,0,0,-2147483556,0,0,0,0,62,
0,0,0,0,0,0,0,0,0,0,0,-2147483642,0,0,0,0,0,0,0,0,0,0,0,0,0,0,0,0,0,0,0,0,0,0,0,0,0,0,0,-2147483581,0,0,0,0,-2147483556,0,0,0,0,62,
0,0,0,0,0,0,0,0,0,0,0,-2147483581,0,0,0,0,0,0,0,-2147483642,0,0,0,0,0,0,0,0,0,0,-2147483642,0,0,0,0,0,0,0,0,-2147483581,0,0,0,0,-2147483556,0,0,0,0,62,
0,0,0,0,0,0,0,0,0,0,0,-2147483581,0,0,0,0,0,0,0,-2147483581,0,0,0,0,0,0,0,0,0,0,-2147483581,0,0,0,0,0,0,0,0,-2147483581,0,0,0,0,-2147483556,0,0,0,0,62,
0,0,0,0,0,0,0,0,0,0,0,-2147483581,0,0,0,0,0,0,0,-2147483581,0,0,0,0,0,0,0,0,0,0,-2147483581,0,0,0,0,0,0,0,0,-2147483581,0,0,0,0,-2147483556,0,0,0,0,62,
0,0,0,0,0,0,0,0,0,0,0,-2147483581,0,0,0,0,0,0,0,-2147483581,0,0,0,0,0,0,0,0,0,0,-2147483581,0,0,0,0,0,0,0,0,-2147483581,0,0,0,0,-2147483556,0,0,0,0,62,
0,0,0,0,0,0,0,0,0,0,0,-2147483581,0,0,0,0,0,0,0,-2147483581,0,0,0,0,0,0,0,0,0,0,-2147483581,0,0,0,0,0,0,0,0,-2147483581,0,0,0,0,-2147483556,0,0,0,0,86

[Object Layer]
# Weapons
type=Weapons
location=19,218,0,0

[Object Layer]
# Weapons
type=Weapons
location=611,566,0,0

[Object Layer]
# Enemies
type=Enemies
location=331,324,0,0

[Object Layer]
# Enemies
type=Enemies
location=635,311,0,0

[Object Layer]
# Enemies
type=Enemies
location=621,60,0,0

[Object Layer]
# Enemies
type=Enemies
location=292,95,0,0

[Object Layer]
# Enemies
type=Enemies
location=523,630,0,0

[Object Layer]
# Enemies
type=Enemies
location=332,585,0,0

[Object Layer]
# Enemies
type=Enemies
location=68,632,0,0

