[header]
width=50
height=50
tilewidth=16
tileheight=16

[tilesets]
tileset=../../Dropbox/Game Programming/dirt-tiles.png,16,16,0,0

[layer]
type=Tile Layer 1
data=
-2147483597,-2147483597,-2147483596,-2147483596,-2147483596,-2147483597,-2147483596,-2147483597,-2147483596,-2147483598,-2147483598,-2147483596,-2147483598,-2147483596,-2147483598,-2147483596,-2147483596,-2147483643,-2147483598,-2147483596,-2147483597,-2147483597,-2147483643,-2147483643,-2147483597,-2147483597,-2147483596,-2147483598,-2147483643,-2147483598,-2147483597,-2147483643,-2147483597,-2147483598,-2147483597,-2147483597,-2147483596,-2147483643,-2147483643,-2147483596,-2147483643,-2147483643,-2147483643,-2147483598,-2147483597,-2147483596,-2147483643,-2147483596,-2147483643,-2147483643,
0,0,0,0,0,0,0,0,0,0,0,0,0,0,0,0,0,0,0,0,0,0,0,0,0,0,0,0,0,0,0,0,0,0,0,0,0,0,0,0,0,0,0,0,0,0,0,-2147483556,0,62,
0,0,0,0,0,0,0,0,0,0,0,0,0,0,0,0,0,0,0,0,0,0,0,0,0,0,0,0,0,0,0,0,0,0,0,0,0,0,0,0,0,0,0,0,0,0,0,-2147483556,0,62,
0,0,0,0,0,0,0,0,0,0,0,0,0,0,0,0,0,0,0,0,0,0,0,0,0,0,0,0,0,0,0,0,0,0,0,0,0,0,0,0,0,0,0,0,0,0,0,-2147483556,0,62,
0,0,0,0,0,0,0,0,0,0,0,0,0,0,0,0,0,0,0,0,0,0,0,0,0,0,0,0,0,0,0,0,0,0,0,0,-2147483589,-2147483589,-2147483589,-2147483613,-2147483589,-2147483637,-2147483589,-2147483612,-2147483589,-2147483588,-2147483612,-2147483556,0,62,
0,0,0,0,0,0,0,0,0,0,0,0,0,0,0,0,0,0,0,0,0,0,0,0,0,0,0,0,-2147483589,-2147483637,-2147483612,-2147483612,-2147483612,-2147483588,-2147483612,-2147483612,-2147483588,0,0,0,0,0,0,0,0,0,0,-2147483556,0,62,
0,0,0,0,0,0,0,0,0,0,0,0,0,0,0,0,0,0,0,0,0,-2147483612,-2147483612,-2147483589,-2147483613,-2147483613,-2147483612,-2147483637,-2147483613,0,0,0,0,0,0,0,0,0,0,0,0,0,0,0,0,0,0,-2147483556,0,62,
0,0,0,0,0,0,0,0,0,0,0,-2147483637,-2147483637,-2147483588,-2147483589,-2147483613,-2147483612,-2147483612,-2147483589,-2147483613,-2147483589,-2147483637,0,0,0,0,0,0,0,0,0,0,0,0,0,0,0,0,0,0,0,0,0,0,0,0,0,-2147483556,0,62,
0,0,0,-2147483588,-2147483588,-2147483637,-2147483637,-2147483588,0,0,0,0,0,0,0,0,0,0,0,0,0,0,0,0,0,0,0,0,0,0,0,0,0,0,0,0,0,0,0,0,0,0,0,0,0,0,0,-2147483556,0,62,
0,0,0,0,0,0,0,0,0,0,0,0,0,0,0,0,0,0,0,0,0,0,0,0,0,0,0,0,0,0,0,0,0,0,0,0,0,0,0,0,0,0,0,0,0,0,0,-2147483556,0,62,
0,0,0,0,0,0,0,0,0,0,0,0,0,0,0,0,0,0,0,0,0,0,0,0,0,0,0,0,0,0,0,0,0,0,0,0,0,0,0,0,0,0,0,0,0,0,0,-2147483556,0,62,
0,0,0,0,0,0,0,0,0,0,0,0,0,0,0,0,0,0,0,0,0,0,0,0,0,0,0,0,0,0,0,0,0,0,0,0,0,0,0,0,0,0,0,0,0,0,0,-2147483556,0,62,
0,0,0,-2147483589,-2147483589,-2147483613,-2147483588,-2147483588,-2147483613,-2147483613,-2147483588,0,0,0,0,0,0,0,0,0,0,0,0,0,0,0,0,0,0,0,0,0,0,0,0,0,0,0,0,0,0,0,0,0,0,0,0,-2147483556,0,62,
0,0,0,0,0,0,0,0,0,0,0,0,0,0,0,0,0,0,0,0,0,0,0,0,0,0,0,0,0,0,0,0,0,0,0,0,0,0,0,0,0,0,0,0,0,0,0,-2147483556,0,62,
0,0,0,0,0,0,0,0,0,0,0,0,0,0,0,0,0,0,0,0,0,0,0,0,0,0,0,0,0,0,0,0,0,0,0,0,0,0,0,0,0,0,0,0,0,0,0,-2147483556,0,62,
0,0,0,0,0,0,0,0,0,0,0,0,0,0,0,0,0,0,0,0,0,0,0,0,0,0,0,0,0,0,0,0,0,0,0,0,0,0,0,0,0,0,0,0,0,0,0,-2147483556,0,62,
0,0,0,0,0,0,0,0,0,0,0,0,0,0,0,0,0,0,0,0,0,0,0,0,0,0,0,0,0,0,0,0,0,0,0,0,0,0,0,0,0,0,0,0,0,0,0,-2147483556,0,62,
0,0,0,0,0,0,0,0,0,0,0,0,0,0,0,0,0,0,0,0,0,0,0,0,0,0,0,0,0,0,0,0,0,0,0,0,0,0,0,0,0,0,0,0,0,0,0,-2147483556,0,62,
0,0,0,0,0,0,0,0,0,0,0,0,0,0,0,0,0,0,0,0,0,0,0,0,0,0,0,0,0,0,0,0,0,0,0,0,0,0,0,0,0,0,0,0,0,0,0,0,0,62,
0,0,0,0,0,0,0,0,0,0,0,0,0,0,0,0,0,0,0,0,0,0,0,0,0,0,0,0,0,0,0,0,0,0,0,0,0,0,0,0,0,0,0,0,0,0,0,-2147483613,-2147483613,62,
-2147483589,-2147483589,-2147483612,-2147483612,-2147483613,0,0,0,0,0,0,0,0,0,0,0,0,0,0,0,0,0,0,0,0,0,0,0,0,0,0,0,0,0,0,0,0,0,-2147483637,0,0,0,0,0,-2147483588,0,0,0,0,62,
0,0,0,0,0,0,0,0,0,0,0,0,0,0,0,0,0,0,0,0,0,0,0,0,0,0,0,0,0,0,0,0,0,0,-2147483588,0,0,0,0,0,0,-2147483637,0,0,0,0,0,0,0,62,
0,0,0,0,0,0,0,0,0,0,0,0,0,0,0,0,0,0,0,0,0,0,0,0,0,0,0,0,0,0,-2147483613,0,0,0,0,0,0,0,0,0,0,0,0,0,0,0,0,0,0,62,
0,0,0,0,0,0,0,0,0,0,0,0,0,0,0,0,0,0,-2147483613,0,-2147483588,0,0,-2147483612,0,0,0,-2147483588,0,0,0,0,0,0,0,0,0,0,0,0,0,0,0,0,0,0,0,0,0,62,
0,0,0,0,0,0,0,0,0,0,0,0,0,-2147483637,-2147483588,-2147483612,-2147483613,0,0,0,0,0,0,0,0,0,0,0,0,0,0,0,0,0,0,0,0,0,0,0,0,0,0,0,0,0,0,0,0,62,
0,0,0,0,0,0,0,0,0,0,0,0,0,0,0,0,0,0,0,0,0,0,0,0,0,0,0,0,0,0,0,0,0,0,0,0,0,0,0,0,0,0,0,0,0,0,0,0,0,62,
0,0,0,0,0,0,0,0,0,-2147483637,-2147483613,-2147483588,0,0,0,0,0,0,0,0,0,0,0,0,0,0,0,0,0,0,0,0,0,0,0,0,0,0,0,0,0,0,0,0,0,0,0,0,0,62,
0,0,0,0,0,0,0,0,0,0,0,0,0,0,0,0,0,0,0,0,0,0,0,0,0,0,0,0,0,0,0,0,0,0,0,0,0,0,0,0,0,0,0,0,0,0,0,0,0,62,
0,0,0,0,0,0,-2147483589,-2147483588,0,0,0,0,0,0,0,0,0,0,0,0,0,0,0,0,0,0,0,0,0,0,0,0,0,0,0,0,0,0,0,0,0,0,0,0,0,0,0,0,0,62,
0,0,0,0,0,0,0,0,0,0,0,0,0,0,0,0,0,0,0,0,0,0,0,0,0,0,0,0,0,0,0,0,0,0,0,0,0,0,0,0,0,0,0,0,0,0,0,0,0,62,
0,0,0,-2147483589,-2147483612,0,0,0,0,0,0,0,0,0,0,0,0,0,0,0,0,0,0,0,0,0,0,0,0,0,0,0,0,0,0,0,0,0,0,0,0,0,0,0,0,0,0,0,0,62,
0,0,0,0,0,0,0,0,0,0,0,0,0,0,0,0,0,0,0,0,0,0,0,0,0,0,0,0,0,0,0,0,0,0,0,0,0,0,0,0,0,0,0,0,0,0,0,0,0,62,
0,-2147483612,0,0,0,0,0,0,0,0,0,0,0,0,0,0,0,0,0,0,0,0,0,0,0,0,0,0,0,0,0,0,0,0,0,0,0,0,0,0,0,0,0,0,0,0,0,0,0,62,
0,-2147483612,-2147483589,0,0,0,0,0,0,0,0,0,0,0,0,0,0,0,0,0,0,0,0,0,0,0,0,0,0,0,0,0,0,0,0,0,0,0,0,0,0,0,0,0,0,0,0,0,0,62,
0,-2147483637,-2147483589,-2147483589,0,0,0,0,0,0,0,0,0,-2147483642,0,0,0,0,0,0,0,0,0,0,-2147483642,0,0,0,0,0,0,0,0,0,0,0,-2147483642,0,0,0,0,0,0,0,0,0,0,0,0,62,
0,0,-2147483613,-2147483613,-2147483613,-2147483588,-2147483588,0,0,0,0,0,0,-2147483606,0,0,0,0,0,0,0,0,0,0,-2147483606,0,0,0,0,0,0,0,0,0,0,0,-2147483606,0,0,0,0,0,0,0,0,0,0,0,0,62,
0,0,0,0,0,0,-2147483588,-2147483589,-2147483613,-2147483588,-2147483613,-2147483589,0,-2147483606,0,-2147483613,-2147483613,-2147483613,-2147483612,-2147483589,-2147483612,-2147483612,0,0,-2147483606,0,-2147483612,-2147483612,-2147483589,-2147483637,-2147483613,-2147483588,-2147483589,-2147483589,-2147483637,0,-2147483606,0,-2147483637,-2147483589,-2147483589,-2147483612,-2147483637,-2147483637,-2147483588,-2147483588,0,0,0,62,
0,0,0,0,0,0,0,0,0,0,0,0,0,-2147483606,0,0,0,0,0,0,0,0,0,0,-2147483606,0,0,0,0,0,0,0,0,0,0,0,-2147483606,0,0,0,0,0,0,0,0,0,0,0,0,62,
0,0,0,0,0,0,0,0,0,0,0,0,0,-2147483606,0,0,0,0,0,0,0,0,0,0,-2147483606,0,0,0,0,0,0,0,0,0,0,0,-2147483606,0,0,0,0,0,0,0,0,0,0,0,0,62,
0,0,0,0,0,0,0,0,0,0,0,0,0,-2147483606,0,0,0,0,0,0,0,0,0,0,-2147483606,0,0,0,0,0,0,0,0,0,0,0,-2147483606,0,0,0,0,0,0,0,0,0,0,0,0,62,
0,0,0,0,0,0,0,0,0,0,0,0,0,-2147483606,0,0,0,0,0,0,0,0,0,0,-2147483606,0,0,0,0,0,0,0,0,0,0,0,-2147483606,0,0,0,0,0,0,0,0,0,0,0,0,62,
0,0,0,0,0,0,0,0,0,0,0,0,0,-2147483606,0,0,0,0,0,0,0,0,0,0,-2147483606,0,0,0,0,0,0,0,0,0,0,0,-2147483606,0,0,0,0,0,0,0,0,0,0,0,0,62,
0,0,0,0,0,0,0,0,0,0,0,0,0,-2147483606,0,0,0,0,0,0,0,0,0,0,-2147483606,0,0,0,0,0,0,0,0,0,0,0,-2147483606,0,0,0,0,0,0,0,0,0,0,0,0,62,
0,0,0,0,0,0,0,0,0,0,0,0,0,-2147483606,0,0,0,0,0,0,0,0,0,0,-2147483606,0,0,0,0,0,0,0,0,0,0,0,-2147483606,0,0,0,0,0,0,0,0,0,0,0,0,62,
0,0,0,0,0,0,0,0,0,0,0,0,0,-2147483606,0,0,0,0,0,0,0,0,0,0,-2147483606,0,0,0,0,0,0,0,0,0,0,0,-2147483606,0,0,0,0,0,0,0,0,0,0,0,0,62,
0,0,0,0,0,0,0,0,0,0,0,0,0,-2147483606,0,0,0,0,0,0,0,0,0,0,-2147483606,0,0,0,0,0,0,0,0,0,0,0,-2147483606,0,0,0,0,0,0,0,0,0,0,0,0,62,
0,0,0,0,0,0,0,0,0,0,0,0,0,-2147483606,0,0,0,0,0,0,0,0,0,0,-2147483606,0,0,0,0,0,0,0,0,0,0,0,-2147483606,0,0,0,0,0,0,0,0,0,0,0,0,62,
0,0,0,0,0,0,0,0,0,0,0,0,0,-2147483606,0,0,0,0,0,0,0,0,0,0,-2147483606,0,0,0,0,0,0,0,0,0,0,0,-2147483606,0,0,0,0,0,0,0,0,0,0,0,0,62,
0,0,0,-2147483588,-2147483613,-2147483637,-2147483613,-2147483613,-2147483588,-2147483613,0,0,0,0,0,0,0,0,0,0,0,0,0,0,0,0,0,0,0,0,0,0,0,0,0,0,-2147483606,0,0,0,0,0,0,0,0,0,0,0,0,62,
0,0,-2147483612,-2147483612,0,0,0,0,0,-2147483637,-2147483588,-2147483637,0,0,0,0,0,0,-2147483637,-2147483637,-2147483637,-2147483637,-2147483588,0,0,0,-2147483612,-2147483612,-2147483637,-2147483612,-2147483588,-2147483588,-2147483589,-2147483612,0,0,0,0,0,-2147483637,-2147483637,-2147483588,-2147483612,-2147483613,-2147483613,-2147483637,0,0,0,86

[Object Layer]
# Weapons
type=Weapons
location=69,102,0,0

[Object Layer]
# Weapons
type=Weapons
location=701,548,0,0

[Object Layer]
# Enemies
type=Enemies
location=281,551,0,0

[Object Layer]
# Enemies
type=Enemies
location=487,554,0,0

[Object Layer]
# Enemies
type=Enemies
location=481,754,0,0

[Object Layer]
# Enemies
type=Enemies
location=235,86,0,0

[Object Layer]
# Enemies
type=Enemies
location=496,63,0,0

