[header]
width=50
height=50
tilewidth=16
tileheight=16

[tilesets]
tileset=../../Dropbox/Game Programming/dirt-tiles.png,16,16,0,0

[layer]
type=Tile Layer 1
data=
0,0,0,0,0,0,0,0,0,0,0,0,0,0,0,0,0,0,60,35,35,35,0,0,36,59,60,36,0,0,0,0,0,0,0,0,0,0,0,0,0,11,11,60,59,59,59,36,0,38,
0,0,0,0,0,0,0,0,0,36,35,36,36,60,60,0,0,0,0,0,0,0,0,0,0,0,0,36,60,35,59,59,36,35,0,0,0,0,0,0,0,0,0,0,0,0,0,0,0,62,
0,0,0,0,0,0,0,59,60,36,0,0,0,0,0,0,0,0,0,0,0,0,0,0,0,0,0,0,42,0,0,0,0,35,60,36,59,35,36,36,0,0,0,0,0,0,0,0,0,62,
0,0,0,0,0,36,59,36,0,0,0,0,0,0,0,0,0,0,0,0,0,0,0,0,0,0,0,0,42,0,0,0,0,0,0,0,0,0,0,35,36,0,0,0,0,0,0,0,0,62,
35,11,35,11,59,59,42,0,0,0,0,0,0,0,0,0,0,0,0,0,0,0,0,0,0,0,0,0,42,0,0,0,0,0,0,0,0,0,0,0,11,60,11,35,36,36,0,0,0,62,
0,0,0,0,0,0,42,0,0,0,0,0,0,0,0,0,0,0,0,0,0,0,0,0,0,0,0,0,42,0,0,0,0,0,0,0,0,0,0,0,0,0,0,0,0,0,0,0,0,62,
0,0,0,0,0,0,42,0,0,0,0,0,0,0,0,0,0,0,0,0,0,0,0,0,0,0,0,0,42,0,0,0,0,0,0,0,0,0,0,0,0,0,0,0,0,0,0,60,11,62,
0,0,0,0,0,0,42,0,0,0,0,0,0,0,0,0,0,0,0,0,0,0,0,0,0,0,0,0,42,0,0,0,0,0,0,0,0,0,0,0,0,0,0,0,0,36,36,60,0,62,
0,0,0,0,0,0,42,0,0,0,0,0,0,0,0,0,0,0,0,0,0,0,0,0,0,0,0,0,42,0,0,0,0,0,0,0,0,0,0,0,0,0,0,0,60,59,0,0,0,62,
0,0,0,0,0,0,42,0,0,0,0,0,0,0,0,0,0,0,0,0,0,0,0,0,0,0,0,0,42,11,11,36,35,11,60,35,11,59,60,35,35,60,35,35,35,0,0,0,0,62,
0,0,0,0,0,0,42,0,0,0,0,0,0,0,0,0,0,0,0,0,0,0,0,0,0,0,0,0,42,0,0,0,0,0,0,0,0,0,0,0,0,0,0,0,0,0,0,0,0,62,
0,0,0,0,0,0,42,0,0,0,0,0,0,0,0,0,0,0,0,0,0,0,0,0,0,0,0,0,42,0,0,0,0,0,0,0,0,0,0,0,0,0,0,0,0,0,0,0,0,62,
0,0,0,0,0,0,42,0,0,0,0,0,0,0,0,0,0,0,0,0,0,0,0,0,0,0,0,0,42,0,0,0,0,0,0,0,0,0,0,0,0,0,0,0,0,0,0,0,0,62,
0,0,0,0,0,0,42,0,0,0,0,0,0,0,0,0,0,0,0,0,35,35,60,59,11,11,11,59,42,0,0,0,0,0,0,0,0,0,0,0,0,0,0,0,0,0,0,0,0,62,
0,0,0,0,0,0,42,36,35,36,11,11,36,11,60,60,0,0,0,0,0,0,0,0,0,0,0,0,42,0,0,0,0,0,0,0,0,0,0,0,0,0,0,0,0,0,0,0,0,62,
0,0,0,0,0,0,42,0,0,0,0,0,0,0,0,0,0,0,0,0,0,0,0,0,0,0,0,0,42,0,0,0,0,0,0,0,0,0,0,0,0,0,0,0,0,0,0,0,0,62,
0,0,0,0,0,0,42,0,0,0,0,0,0,0,0,0,0,0,0,0,0,0,0,0,0,0,0,0,42,0,0,0,0,0,0,0,0,0,0,0,0,0,0,0,0,0,0,0,0,62,
0,0,0,0,0,0,42,0,0,0,0,0,0,0,0,0,0,0,0,0,0,0,0,0,0,0,0,0,42,0,0,0,0,0,0,0,0,0,0,0,0,0,0,0,0,0,0,0,0,62,
35,35,59,0,0,0,0,0,0,0,0,0,0,0,0,0,0,0,0,0,0,0,0,0,0,0,0,0,42,0,0,0,0,0,0,0,0,0,0,0,0,0,0,0,0,0,0,0,0,62,
0,0,60,59,59,11,0,0,0,0,0,0,0,0,0,0,0,0,0,0,0,0,0,0,0,0,0,0,42,0,0,0,0,0,0,0,0,0,0,0,0,0,0,0,0,0,0,0,0,62,
0,0,0,0,0,35,35,0,0,0,0,0,0,0,0,0,0,0,0,0,0,0,0,0,0,0,0,0,42,0,0,0,0,0,0,0,0,0,0,0,0,0,0,0,0,0,0,0,0,62,
0,0,0,0,0,42,0,0,0,0,0,0,0,0,0,0,0,0,0,0,0,0,0,0,0,0,0,0,42,0,0,0,0,0,0,0,0,0,0,0,0,0,0,0,0,0,0,0,0,62,
0,0,0,0,0,42,0,0,0,0,0,0,0,0,0,0,0,0,0,0,0,0,0,0,0,0,0,0,42,0,0,0,0,0,0,0,0,0,0,0,0,0,0,0,0,0,0,0,0,62,
0,0,0,0,0,42,0,0,0,0,0,0,0,0,0,0,0,0,0,0,0,0,0,0,0,0,0,0,42,0,0,0,0,0,0,0,0,0,0,0,0,0,0,0,0,0,0,0,0,62,
0,0,0,0,0,42,35,0,0,0,0,0,0,0,0,0,0,0,0,0,0,0,0,0,0,0,0,0,42,0,0,0,0,0,0,0,0,0,0,0,59,0,0,0,0,0,0,0,0,62,
0,0,0,0,0,42,36,0,0,0,0,0,0,0,0,0,0,0,0,0,0,0,0,0,0,0,0,0,42,0,0,0,0,0,0,0,0,0,0,0,59,0,0,0,0,0,0,0,0,62,
0,0,0,0,0,42,36,0,0,0,0,0,0,0,0,0,0,0,0,0,0,0,0,0,0,0,0,0,0,0,0,0,0,0,0,0,0,0,0,59,36,0,0,0,0,0,0,0,0,62,
0,0,0,0,0,42,60,0,0,0,0,0,0,0,0,0,0,0,0,0,0,0,0,0,0,0,0,0,0,0,0,0,0,0,0,0,0,0,59,11,0,0,0,0,0,0,0,0,0,62,
0,0,0,0,0,42,36,60,0,0,11,60,35,60,59,36,36,35,59,11,36,35,60,60,60,11,11,35,11,35,60,60,59,60,59,0,0,0,60,0,0,0,0,0,0,0,0,0,0,62,
0,0,0,0,0,42,0,35,35,35,35,0,0,42,0,0,0,0,0,0,0,0,0,0,0,0,0,0,0,0,0,0,0,0,11,36,60,59,60,0,0,0,0,0,0,0,0,0,0,62,
0,0,0,0,0,42,0,0,0,0,0,0,0,42,0,0,0,0,0,0,0,0,0,0,0,0,0,0,0,0,0,0,0,0,0,0,0,0,0,0,0,0,0,0,0,0,0,0,0,62,
0,0,0,0,0,42,0,0,0,0,0,0,0,42,0,0,0,0,0,0,0,0,0,0,0,0,0,0,0,0,0,0,0,0,0,0,0,0,0,0,0,0,0,0,0,0,0,0,0,62,
0,0,0,0,0,42,0,0,0,0,0,0,0,42,0,0,0,0,0,0,0,0,0,0,0,0,0,0,0,0,0,0,0,0,0,0,0,0,0,0,0,0,0,0,0,0,0,0,0,62,
0,0,0,0,0,42,0,0,0,0,0,0,0,42,0,0,0,0,0,0,0,0,0,0,0,0,0,0,0,0,0,0,0,0,0,0,0,0,0,0,0,0,0,0,0,0,0,0,0,62,
0,0,0,0,0,42,0,0,0,0,0,0,0,42,0,0,0,0,0,0,0,0,0,0,0,0,0,0,0,0,0,0,0,0,0,0,0,0,0,0,0,0,0,0,0,0,0,0,0,62,
0,0,0,0,0,42,0,0,0,0,0,0,0,42,0,0,0,0,0,0,0,0,0,0,0,0,0,0,0,0,0,0,0,0,0,0,0,0,0,0,0,0,0,0,0,0,0,0,0,62,
0,0,0,0,0,42,0,0,0,0,0,0,0,42,0,0,0,0,0,0,0,0,0,0,0,0,0,0,0,0,0,0,0,0,0,0,0,0,0,0,0,0,0,0,0,0,0,0,0,62,
0,59,59,0,0,42,0,0,0,0,0,0,0,42,0,0,0,0,0,0,0,0,0,0,0,0,0,0,0,0,0,0,0,0,0,0,0,0,0,0,0,0,0,0,0,60,35,0,0,62,
0,0,36,59,0,0,0,0,0,0,0,0,0,42,0,0,0,0,0,0,0,0,0,0,0,0,0,0,0,0,0,0,0,0,0,0,0,0,0,0,0,0,0,0,11,35,0,0,0,62,
0,0,0,59,59,0,0,0,0,0,0,0,0,42,0,0,0,0,0,0,0,0,0,0,0,0,0,0,0,0,0,0,0,0,0,0,0,0,0,0,0,0,0,60,60,0,0,0,0,62,
0,0,0,0,60,35,60,59,36,0,0,0,36,42,0,0,0,0,0,0,0,0,0,0,0,0,0,0,0,0,0,0,0,0,0,0,0,0,0,0,0,36,60,35,0,0,0,0,0,62,
0,0,0,0,0,0,0,0,35,36,59,60,59,42,0,0,59,11,60,35,60,36,59,59,35,60,60,60,60,35,35,0,0,11,11,59,11,59,35,11,60,36,0,0,0,0,0,0,0,62,
0,0,0,0,0,0,0,0,0,0,0,0,0,42,0,0,0,0,0,0,0,0,0,0,0,0,0,0,0,0,0,0,0,0,0,0,0,0,0,0,0,0,0,0,0,0,0,0,0,62,
0,0,0,0,0,0,0,0,0,0,0,0,0,42,0,0,0,0,0,0,0,0,0,0,0,0,0,0,0,0,0,0,0,0,0,0,0,0,0,0,0,0,0,0,0,0,0,0,0,62,
0,0,0,0,0,0,0,0,0,0,0,0,0,42,0,0,0,0,0,0,0,0,0,0,0,0,0,0,0,0,0,0,0,0,0,0,0,0,0,0,0,0,0,0,0,0,0,0,0,62,
0,0,0,0,0,0,0,0,0,0,0,0,0,42,0,0,0,0,0,0,0,0,0,0,0,0,0,0,0,0,0,0,0,0,0,0,0,0,0,0,0,0,0,0,0,0,0,0,0,62,
0,0,0,0,0,0,0,0,0,0,0,0,0,42,0,0,0,0,0,0,0,0,0,0,0,0,0,0,0,0,0,0,0,0,0,0,0,0,0,0,0,0,0,0,0,0,0,0,0,62,
0,35,0,0,0,36,0,0,0,0,0,0,0,0,0,0,0,0,0,60,36,59,59,11,59,0,0,0,0,0,0,0,0,0,0,0,0,0,0,0,0,0,0,0,0,0,0,0,0,62,
11,11,59,0,36,36,59,59,0,0,0,35,60,36,35,59,36,60,35,35,35,35,59,36,36,35,11,11,60,59,59,0,0,0,60,36,11,36,60,36,36,59,36,59,36,59,59,35,35,86,
49,52,50,50,52,52,50,52,52,52,51,5,5,50,52,52,5,52,51,51,51,51,52,5,52,51,50,52,50,50,51,5,52,51,51,51,5,5,5,5,52,52,5,52,51,52,5,5,50,52

[Object Layer]
# Weapons
type=Weapons
location=677,53,0,0

[Object Layer]
# Weapons
type=Weapons
location=715,751,0,0

[Object Layer]
# Enemies
type=Enemies
location=304,638,0,0

[Object Layer]
# Enemies
type=Enemies
location=577,639,0,0

[Object Layer]
# Enemies
type=Enemies
location=348,729,0,0

[Object Layer]
# Enemies
type=Enemies
location=261,429,0,0

[Object Layer]
# Enemies
type=Enemies
location=400,429,0,0

[Object Layer]
# Enemies
type=Enemies
location=361,187,0,0

[Object Layer]
# Enemies
type=Enemies
location=186,198,0,0

[Object Layer]
# Enemies
type=Enemies
location=531,115,0,0

